244 297
309 335
327 369
333 382
296 382
342 382
236 419
214 419
435 442
429 442
407 491
195 491
191 499
285 499
305 515
322 515
497 521
212 537
406 537
373 548
248 555
351 555
179 555
374 560
337 560
198 565
503 566
268 566
171 566
447 566
246 566
163 566
170 566
448 568
347 579
273 584
345 602
486 606
123 608
84 608
135 608
52 608
41 608
388 608
56 608
381 608
394 633
371 637
145 637
558 646
393 646
561 649
400 659
572 659
215 659
159 659
668 673
670 697
532 697
177 698
581 698
616 699
654 699
614 711
139 711
645 711
507 713
210 714
138 714
705 714
460 718
513 718
625 718
291 719
129 719
46 725
610 726
562 735
165 739
675 740
594 740
237 741
58 743
474 743
570 747
392 748
477 748
733 748
580 748
722 748
510 748
746 749
587 749
55 751
622 753
547 753
281 754
183 754
148 754
362 754
546 754
228 755
501 755
716 755
470 757
323 758
265 758
151 758
674 758
331 758
356 765
137 765
431 765
122 765
117 768
455 768
535 768
70 768
173 768
542 769
401 769
103 780
239 780
118 780
409 780
318 780
596 780
358 780
260 780
22 780
683 780
506 780
437 781
729 781
745 781
398 783
399 783
141 785
299 786
80 786
53 786
60 786
712 786
414 786
65 786
730 789
685 790
185 790
269 795
293 795
89 795
301 795
62 795
194 795
94 796
92 796
332 798
263 800
732 803
559 803
259 805
462 806
760 807
223 807
315 809
310 809
329 809
793 809
287 809
677 809
433 810
313 810
97 810
247 818
91 821
511 821
479 821
413 821
352 821
458 824
586 824
83 824
271 825
648 827
797 827
375 827
791 827
489 828
363 829
541 830
734 830
721 830
277 830
338 830
819 832
365 833
249 833
390 833
257 833
710 840
161 840
658 842
140 842
464 842
522 842
298 842
472 842
108 844
334 844
376 844
657 848
31 852
292 852
186 852
76 852
700 853
188 858
389 860
676 860
341 860
808 860
203 861
518 863
344 863
361 864
430 864
822 867
706 867
152 868
174 868
607 868
209 868
126 868
354 870
627 871
690 871
340 871
353 871
590 873
330 874
440 874
208 874
766 877
708 877
168 878
286 878
619 878
134 878
282 878
125 878
197 879
339 880
36 880
261 880
308 882
238 882
720 883
408 883
454 883
638 883
728 884
529 884
484 884
481 884
150 884
357 884
319 885
574 888
386 892
348 892
425 892
320 892
397 894
851 894
88 894
811 896
600 896
752 896
230 896
759 896
106 896
724 896
366 896
316 900
385 900
242 900
226 900
49 900
696 907
656 908
201 911
531 912
647 912
189 912
288 912
439 912
289 914
96 914
603 915
667 915
774 915
377 915
613 915
666 916
202 916
523 916
471 916
372 916
85 920
153 920
283 920
450 920
467 920
504 922
672 925
663 925
240 926
324 926
485 926
360 926
545 928
772 930
661 930
520 934
686 934
763 934
488 934
801 936
16 936
624 937
187 937
57 937
300 937
508 937
113 937
33 939
427 939
200 939
196 939
124 939
441 941
254 943
175 943
290 943
81 943
328 943
788 943
550 943
866 943
218 944
217 944
737 949
78 950
253 950
79 952
509 959
773 960
857 960
701 960
767 960
192 962
457 962
216 965
204 965
396 966
176 969
127 969
112 969
20 969
181 969
24 969
317 975
517 975
154 975
295 975
445 975
166 975
350 975
144 975
436 975
855 975
573 975
924 980
839 980
812 980
554 983
378 984
349 984
367 984
75 984
468 984
169 984
498 984
731 985
482 986
146 988
252 988
111 988
98 988
12 988
18 988
564 988
680 998
669 998
595 999
438 1004
549 1004
493 1004
519 1004
617 1004
715 1004
421 1004
275 1004
121 1005
410 1005
434 1005
167 1011
207 1011
231 1011
621 1011
243 1011
444 1012
432 1012
534 1012
761 1012
794 1012
514 1012
901 1013
641 1013
370 1015
211 1015
524 1015
903 1015
632 1015
583 1015
193 1015
355 1015
527 1015
147 1016
890 1016
359 1019
69 1019
678 1022
505 1022
213 1027
72 1027
184 1028
694 1028
992 1032
695 1033
114 1033
190 1036
664 1036
453 1040
251 1040
325 1041
77 1041
143 1041
307 1043
245 1043
395 1043
876 1043
364 1043
304 1044
466 1045
250 1045
443 1045
1001 1048
588 1048
116 1048
727 1049
687 1052
591 1053
220 1055
402 1055
612 1057
133 1058
306 1058
284 1059
449 1059
569 1059
571 1059
206 1060
456 1061
115 1061
512 1066
222 1066
132 1066
40 1066
276 1066
270 1066
120 1069
130 1069
14 1069
178 1069
67 1071
723 1072
51 1072
346 1072
815 1076
979 1076
814 1076
799 1076
650 1076
973 1076
1031 1076
599 1076
813 1079
919 1079
302 1082
403 1088
692 1088
59 1091
405 1092
233 1092
618 1093
487 1093
538 1095
452 1097
836 1097
157 1100
61 1101
787 1104
387 1105
940 1105
777 1105
784 1105
872 1105
272 1106
927 1107
897 1107
221 1110
262 1110
258 1110
235 1112
229 1112
162 1112
104 1115
899 1115
136 1115
446 1115
205 1115
1038 1115
149 1115
44 1116
577 1116
426 1116
642 1116
553 1116
551 1116
158 1116
241 1116
665 1123
942 1125
1118 1125
889 1127
391 1128
219 1128
172 1131
180 1131
336 1131
368 1132
516 1132
644 1132
704 1132
119 1135
128 1135
593 1140
640 1140
682 1140
412 1141
274 1141
266 1142
483 1144
86 1144
567 1144
702 1144
557 1144
451 1145
418 1145
465 1145
424 1152
589 1152
500 1152
422 1152
597 1152
948 1152
639 1152
384 1155
544 1155
869 1160
898 1160
423 1160
475 1163
494 1163
267 1166
182 1172
707 1178
662 1178
689 1178
160 1179
74 1179
756 1186
834 1186
1137 1186
826 1186
738 1194
1030 1194
314 1195
303 1200
343 1204
552 1204
585 1204
775 1204
383 1204
533 1204
495 1224
490 1224
417 1229
416 1229
459 1231
575 1244
420 1246
380 1256
255 1256
379 1260
476 1267
635 1267
764 1267
502 1267
893 1268
838 1268
611 1273
592 1279
910 1318
1047 1326
653 1326
976 1326
478 1329
651 1331
264 1334
234 1334
473 1347
415 1347
620 1347
862 1347
563 1354
312 1354
1269 1388
