
 1 71 0 0 0 0 
 2 70 0 0 0 0 
 3 69 0 0 0 0 
 4 68 0 0 0 0 
 5 67 0 0 0 0 
 6 66 0 0 0 0 
 7 65 0 0 0 0 
 8 64 0 0 0 0 
 9 63 0 0 0 0 
 10 62 0 0 0 0 
 11 61 0 0 0 0 
 12 61 1 0 0 0 
 13 60 1 0 0 0 
 14 60 2 0 0 0 
 15 59 2 0 0 0 
 16 59 3 0 0 0 
 17 58 3 0 0 0 
 18 58 4 0 0 0 
 19 57 4 0 0 0 
 20 57 5 0 0 0 
 21 56 5 0 0 0 
 22 56 6 0 0 0 
 23 55 6 0 0 0 
 24 55 7 0 0 0 
 25 54 7 0 0 0 
 26 53 7 0 0 0 
 27 52 7 0 0 0 
 28 51 7 0 0 0 
 29 50 7 0 0 0 
 30 49 7 0 0 0 
 31 49 8 0 0 0 
 32 48 8 0 0 0 
 33 48 9 0 0 0 
 34 47 9 0 0 0 
 35 46 9 0 0 0 
 36 46 10 0 0 0 
 37 45 10 0 0 0 
 38 44 10 0 0 0 
 39 43 10 0 0 0 
 40 43 11 0 0 0 
 41 43 12 0 0 0 
 42 42 12 0 0 0 
 43 41 12 0 0 0 
 44 41 13 0 0 0 
 45 40 13 0 0 0 
 46 40 14 0 0 0 
 47 39 14 0 0 0 
 48 38 14 0 0 0 
 49 38 15 0 0 0 
 50 37 15 0 0 0 
 51 37 16 0 0 0 
 52 37 17 0 0 0 
 53 37 18 0 0 0 
 54 36 18 0 0 0 
 55 36 19 0 0 0 
 56 36 20 0 0 0 
 57 36 21 0 0 0 
 58 36 22 0 0 0 
 59 36 23 0 0 0 
 60 36 24 0 0 0 
 61 36 25 0 0 0 
 62 36 26 0 0 0 
 63 35 26 0 0 0 
 64 34 26 0 0 0 
 65 34 27 0 0 0 
 66 33 27 0 0 0 
 67 33 28 0 0 0 
 68 32 28 0 0 0 
 69 32 29 0 0 0 
 70 32 30 0 0 0 
 71 31 30 0 0 0 
 72 31 31 0 0 0 
 73 30 31 0 0 0 
 74 30 32 0 0 0 
 75 30 33 0 0 0 
 76 30 34 0 0 0 
 77 30 35 0 0 0 
 78 30 36 0 0 0 
 79 30 37 0 0 0 
 80 30 38 0 0 0 
 81 30 39 0 0 0 
 82 29 39 0 0 0 
 83 29 40 0 0 0 
 84 29 41 0 0 0 
 85 29 42 0 0 0 
 86 29 43 0 0 0 
 87 28 43 0 0 0 
 88 28 44 0 0 0 
 89 28 45 0 0 0 
 90 27 45 0 0 0 
 91 27 46 0 0 0 
 92 27 47 0 0 0 
 93 26 47 0 0 0 
 94 26 48 0 0 0 
 95 25 48 0 0 0 
 96 25 49 0 0 0 
 97 25 50 0 0 0 
 98 25 51 0 0 0 
 99 24 51 0 0 0 
 100 23 51 0 0 0 
 101 22 51 0 0 0 
 102 21 51 0 0 0 
 103 21 52 0 0 0 
 104 21 53 0 0 0 
 105 20 53 0 0 0 
 106 20 54 0 0 0 
 107 19 54 0 0 0 
 108 19 55 0 0 0 
 109 18 55 0 0 0 
 110 17 55 0 0 0 
 111 17 56 0 0 0 
 112 17 57 0 0 0 
 113 17 58 0 0 0 
 114 17 59 0 0 0 
 115 17 60 0 0 0 
 116 17 61 0 0 0 
 117 17 62 0 0 0 
 118 17 63 0 0 0 
 119 17 64 0 0 0 
 120 17 65 0 0 0 
 121 17 66 0 0 0 
 122 17 67 0 0 0 
 123 17 68 0 0 0 
 124 17 69 0 0 0 
 125 17 70 0 0 0 
 126 17 71 0 0 0 
 127 17 72 0 0 0 
 128 17 73 0 0 0 
 129 17 74 0 0 0 
 130 17 75 0 0 0 
 131 16 75 0 0 0 
 132 16 76 0 0 0 
 133 16 77 0 0 0 
 134 16 78 0 0 0 
 135 16 79 0 0 0 
 136 16 80 0 0 0 
 137 16 81 0 0 0 
 138 16 82 0 0 0 
 139 16 83 0 0 0 
 140 16 84 0 0 0 
 141 16 85 0 0 0 
 142 15 85 0 0 0 
 143 15 86 0 0 0 
 144 15 87 0 0 0 
 145 15 88 0 0 0 
 146 15 89 0 0 0 
 147 15 90 0 0 0 
 148 15 91 0 0 0 
 149 15 92 0 0 0 
 150 15 93 0 0 0 
 151 15 94 0 0 0 
 152 15 95 0 0 0 
 153 15 96 0 0 0 
 154 15 97 0 0 0 
 155 14 97 0 0 0 
 156 13 97 0 0 0 
 157 13 98 0 0 0 
 158 13 99 0 0 0 
 159 13 100 0 0 0 
 160 13 101 0 0 0 
 161 13 102 0 0 0 
 162 13 103 0 0 0 
 163 13 104 0 0 0 
 165 13 105 0 0 0 
 166 13 106 0 0 0 
 167 13 107 0 0 0 
 168 13 108 0 0 0 
 169 13 109 0 0 0 
 170 13 110 0 0 0 
 171 13 111 0 0 0 
 172 13 112 0 0 0 
 173 13 113 0 0 0 
 174 13 114 0 0 0 
 175 13 115 0 0 0 
 176 13 116 0 0 0 
 177 13 117 0 0 0 
 178 13 118 0 0 0 
 179 13 119 0 0 0 
 180 13 120 0 0 0 
 181 13 121 0 0 0 
 182 13 122 0 0 0 
 183 13 123 0 0 0 
 184 13 124 0 0 0 
 185 13 125 0 0 0 
 186 13 126 0 0 0 
 187 13 127 0 0 0 
 188 13 128 0 0 0 
 189 13 129 0 0 0 
 190 13 130 0 0 0 
 191 13 131 0 0 0 
 192 13 132 0 0 0 
 193 13 133 0 0 0 
 194 13 134 0 0 0 
 195 13 135 0 0 0 
 196 13 136 0 0 0 
 197 13 137 0 0 0 
 198 13 138 0 0 0 
 199 12 138 0 0 0 
 200 12 139 0 0 0 
 201 12 140 0 0 0 
 202 12 141 0 0 0 
 203 12 142 0 0 0 
 204 12 143 0 0 0 
 205 12 144 0 0 0 
 206 12 145 0 0 0 
 207 12 146 0 0 0 
 208 12 147 0 0 0 
 209 12 148 0 0 0 
 210 12 149 0 0 0 
 211 12 150 0 0 0 
 212 12 151 0 0 0 
 213 12 152 0 0 0 
 214 12 153 0 0 0 
 215 12 154 0 0 0 
 216 12 155 0 0 0 
 217 12 156 0 0 0 
 218 12 157 0 0 0 
 219 12 158 0 0 0 
 220 12 159 0 0 0 
 221 12 160 0 0 0 
 222 12 161 0 0 0 
 223 12 162 0 0 0 
 224 11 162 0 0 0 
 226 11 163 0 0 0 
 227 10 163 0 0 0 
 228 10 164 0 0 0 
 229 10 165 0 0 0 
 230 10 166 0 0 0 
 231 10 167 0 0 0 
 232 9 167 0 0 0 
 233 9 168 0 0 0 
 234 9 169 0 0 0 
 235 9 170 0 0 0 
 236 9 171 0 0 0 
 237 9 172 0 0 0 
 238 9 173 0 0 0 
 239 9 174 0 0 0 
 240 9 175 0 0 0 
 241 9 176 0 0 0 
 242 9 177 0 0 0 
 243 9 178 0 0 0 
 244 9 179 0 0 0 
 245 9 180 0 0 0 
 246 9 181 0 0 0 
 247 9 182 0 0 0 
 248 9 183 0 0 0 
 249 9 184 0 0 0 
 250 9 185 0 0 0 
 251 9 186 0 0 0 
 252 9 187 0 0 0 
 253 9 188 0 0 0 
 254 9 189 0 0 0 
 255 9 190 0 0 0 
 256 8 190 0 0 0 
 257 8 191 0 0 0 
 258 8 192 0 0 0 
 259 8 193 0 0 0 
 260 8 194 0 0 0 
 261 8 195 0 0 0 
 262 8 196 0 0 0 
 263 8 197 0 0 0 
 264 8 198 0 0 0 
 265 8 199 0 0 0 
 266 8 200 0 0 0 
 267 8 201 0 0 0 
 268 8 202 0 0 0 
 269 8 203 0 0 0 
 270 8 204 0 0 0 
 271 8 205 0 0 0 
 272 8 206 0 0 0 
 273 8 207 0 0 0 
 274 8 208 0 0 0 
 275 8 209 0 0 0 
 276 8 210 0 0 0 
 277 8 211 0 0 0 
 278 7 211 0 0 0 
 280 6 211 0 0 0 
 281 6 212 0 0 0 
 282 6 213 0 0 0 
 283 6 214 0 0 0 
 284 6 215 0 0 0 
 285 6 216 0 0 0 
 286 6 217 0 0 0 
 287 6 218 0 0 0 
 288 6 219 0 0 0 
 289 6 220 0 0 0 
 290 6 221 0 0 0 
 291 6 222 0 0 0 
 292 6 223 0 0 0 
 293 6 224 0 0 0 
 294 5 224 0 0 0 
 295 5 225 0 0 0 
 296 5 226 0 0 0 
 297 5 225 0 0 0 
 298 5 226 0 0 0 
 299 5 227 0 0 0 
 300 5 228 0 0 0 
 301 5 229 0 0 0 
 302 5 230 0 0 0 
 303 5 231 0 0 0 
 304 5 232 0 0 0 
 305 5 233 0 0 0 
 306 5 234 0 0 0 
 307 5 235 0 0 0 
 308 5 236 0 0 0 
 309 5 237 0 0 0 
 310 5 238 0 0 0 
 312 5 239 0 0 0 
 313 5 240 0 0 0 
 314 5 241 0 0 0 
 315 5 242 0 0 0 
 316 5 243 0 0 0 
 317 5 244 0 0 0 
 318 5 245 0 0 0 
 319 5 246 0 0 0 
 320 5 247 0 0 0 
 321 4 247 0 0 0 
 322 4 248 0 0 0 
 323 4 249 0 0 0 
 324 4 250 0 0 0 
 325 4 251 0 0 0 
 327 4 252 0 0 0 
 328 4 253 0 0 0 
 329 4 254 0 0 0 
 330 4 255 0 0 0 
 331 4 256 0 0 0 
 332 4 257 0 0 0 
 333 4 258 0 0 0 
 334 4 259 0 0 0 
 335 4 258 0 0 0 
 336 4 259 0 0 0 
 337 4 260 0 0 0 
 338 4 261 0 0 0 
 339 4 262 0 0 0 
 340 4 263 0 0 0 
 341 4 264 0 0 0 
 342 4 265 0 0 0 
 343 4 266 0 0 0 
 344 4 267 0 0 0 
 345 4 268 0 0 0 
 346 4 269 0 0 0 
 347 4 270 0 0 0 
 348 4 271 0 0 0 
 349 4 272 0 0 0 
 350 4 273 0 0 0 
 351 4 274 0 0 0 
 352 4 275 0 0 0 
 353 4 276 0 0 0 
 354 4 277 0 0 0 
 355 4 278 0 0 0 
 356 4 279 0 0 0 
 357 4 280 0 0 0 
 358 4 281 0 0 0 
 359 4 282 0 0 0 
 360 4 283 0 0 0 
 361 4 284 0 0 0 
 362 4 285 0 0 0 
 363 4 286 0 0 0 
 364 4 287 0 0 0 
 365 4 288 0 0 0 
 366 4 289 0 0 0 
 367 4 290 0 0 0 
 368 4 291 0 0 0 
 369 4 290 0 0 0 
 370 4 291 0 0 0 
 371 4 292 0 0 0 
 372 4 293 0 0 0 
 373 4 294 0 0 0 
 374 4 295 0 0 0 
 375 4 296 0 0 0 
 376 4 297 0 0 0 
 377 4 298 0 0 0 
 378 4 299 0 0 0 
 379 4 300 0 0 0 
 380 4 301 0 0 0 
 381 4 302 0 0 0 
 382 4 299 0 0 0 
 383 4 300 0 0 0 
 384 4 301 0 0 0 
 385 4 302 0 0 0 
 386 4 303 0 0 0 
 387 4 304 0 0 0 
 388 4 305 0 0 0 
 389 4 306 0 0 0 
 390 4 307 0 0 0 
 391 4 308 0 0 0 
 392 4 309 0 0 0 
 393 4 310 0 0 0 
 394 4 311 0 0 0 
 395 4 312 0 0 0 
 396 4 313 0 0 0 
 397 4 314 0 0 0 
 398 4 315 0 0 0 
 399 4 316 0 0 0 
 400 4 317 0 0 0 
 401 4 318 0 0 0 
 402 4 319 0 0 0 
 403 4 320 0 0 0 
 405 4 321 0 0 0 
 406 4 322 0 0 0 
 407 4 323 0 0 0 
 408 4 324 0 0 0 
 409 4 325 0 0 0 
 410 4 326 0 0 0 
 412 4 327 0 0 0 
 413 4 328 0 0 0 
 414 4 329 0 0 0 
 415 4 330 0 0 0 
 416 4 331 0 0 0 
 417 4 332 0 0 0 
 418 4 333 0 0 0 
 419 4 331 0 0 0 
 420 4 332 0 0 0 
 421 4 333 0 0 0 
 422 4 334 0 0 0 
 423 4 335 0 0 0 
 424 4 336 0 0 0 
 425 4 337 0 0 0 
 426 4 338 0 0 0 
 427 4 339 0 0 0 
 429 4 340 0 0 0 
 430 4 341 0 0 0 
 431 4 342 0 0 0 
 432 4 343 0 0 0 
 433 4 344 0 0 0 
 434 4 345 0 0 0 
 435 4 346 0 0 0 
 436 4 347 0 0 0 
 437 4 348 0 0 0 
 438 4 349 0 0 0 
 439 4 350 0 0 0 
 440 4 351 0 0 0 
 441 4 352 0 0 0 
 442 4 350 0 0 0 
 443 4 351 0 0 0 
 444 4 352 0 0 0 
 445 4 353 0 0 0 
 446 4 354 0 0 0 
 447 4 355 0 0 0 
 448 4 356 0 0 0 
 449 4 357 0 0 0 
 450 4 358 0 0 0 
 451 4 359 0 0 0 
 452 4 360 0 0 0 
 453 4 361 0 0 0 
 454 4 362 0 0 0 
 455 4 363 0 0 0 
 456 4 364 0 0 0 
 457 4 365 0 0 0 
 458 4 366 0 0 0 
 459 4 367 0 0 0 
 460 4 368 0 0 0 
 462 4 369 0 0 0 
 464 4 370 0 0 0 
 465 4 371 0 0 0 
 466 4 372 0 0 0 
 467 4 373 0 0 0 
 468 4 374 0 0 0 
 470 4 375 0 0 0 
 471 4 376 0 0 0 
 472 4 377 0 0 0 
 473 4 378 0 0 0 
 474 4 379 0 0 0 
 475 4 380 0 0 0 
 476 4 381 0 0 0 
 477 4 382 0 0 0 
 478 4 383 0 0 0 
 479 4 384 0 0 0 
 480 3 384 0 0 0 
 481 3 385 0 0 0 
 482 3 386 0 0 0 
 483 3 387 0 0 0 
 484 3 388 0 0 0 
 485 3 389 0 0 0 
 486 3 390 0 0 0 
 487 3 391 0 0 0 
 488 3 392 0 0 0 
 489 3 393 0 0 0 
 490 3 394 0 0 0 
 491 3 392 0 0 0 
 493 3 393 0 0 0 
 494 3 394 0 0 0 
 495 3 395 0 0 0 
 497 3 396 0 0 0 
 498 3 397 0 0 0 
 499 3 395 0 0 0 
 500 3 396 0 0 0 
 501 3 397 0 0 0 
 502 3 398 0 0 0 
 503 3 399 0 0 0 
 504 3 400 0 0 0 
 505 3 401 0 0 0 
 506 3 402 0 0 0 
 507 3 403 0 0 0 
 508 3 404 0 0 0 
 509 3 405 0 0 0 
 510 3 406 0 0 0 
 511 3 407 0 0 0 
 512 3 408 0 0 0 
 513 3 409 0 0 0 
 514 3 410 0 0 0 
 515 3 408 0 0 0 
 516 3 409 0 0 0 
 517 3 410 0 0 0 
 518 3 411 0 0 0 
 519 3 412 0 0 0 
 520 3 413 0 0 0 
 521 3 412 0 0 0 
 522 3 413 0 0 0 
 523 3 414 0 0 0 
 524 3 415 0 0 0 
 527 3 416 0 0 0 
 529 3 417 0 0 0 
 531 3 418 0 0 0 
 532 3 419 0 0 0 
 533 3 420 0 0 0 
 534 3 421 0 0 0 
 535 3 422 0 0 0 
 536 2 422 0 0 0 
 537 2 420 0 0 0 
 538 2 421 0 0 0 
 541 2 422 0 0 0 
 542 2 423 0 0 0 
 544 2 424 0 0 0 
 545 2 425 0 0 0 
 546 2 426 0 0 0 
 547 2 427 0 0 0 
 548 2 426 0 0 0 
 549 2 427 0 0 0 
 550 2 428 0 0 0 
 551 2 429 0 0 0 
 552 2 430 0 0 0 
 553 2 431 0 0 0 
 554 2 432 0 0 0 
 555 2 429 0 0 0 
 557 2 430 0 0 0 
 558 2 431 0 0 0 
 559 2 432 0 0 0 
 560 2 430 0 0 0 
 561 2 431 0 0 0 
 562 2 432 0 0 0 
 563 2 433 0 0 0 
 564 2 434 0 0 0 
 565 2 433 0 0 0 
 566 2 426 0 0 0 
 567 2 427 0 0 0 
 568 2 426 0 0 0 
 569 2 427 0 0 0 
 570 2 428 0 0 0 
 571 2 429 0 0 0 
 572 2 430 0 0 0 
 573 2 431 0 0 0 
 574 2 432 0 0 0 
 575 2 433 0 0 0 
 577 2 434 0 0 0 
 579 2 433 0 0 0 
 580 2 434 0 0 0 
 581 2 435 0 0 0 
 583 2 436 0 0 0 
 584 2 435 0 0 0 
 585 2 436 0 0 0 
 586 2 437 0 0 0 
 587 2 438 0 0 0 
 588 2 439 0 0 0 
 589 2 440 0 0 0 
 590 2 441 0 0 0 
 591 2 442 0 0 0 
 592 2 443 0 0 0 
 593 2 444 0 0 0 
 594 2 445 0 0 0 
 595 2 446 0 0 0 
 596 2 447 0 0 0 
 597 2 448 0 0 0 
 599 2 449 0 0 0 
 600 2 450 0 0 0 
 602 2 449 0 0 0 
 603 2 450 0 0 0 
 604 2 450 1 0 0 
 606 2 449 2 0 0 
 607 2 450 2 0 0 
 608 2 442 2 0 0 
 610 2 443 2 0 0 
 611 2 444 2 0 0 
 612 2 445 2 0 0 
 613 2 446 2 0 0 
 614 2 447 2 0 0 
 616 2 448 2 0 0 
 617 2 449 2 0 0 
 618 2 450 2 0 0 
 619 2 451 2 0 0 
 620 2 452 2 0 0 
 621 2 453 2 0 0 
 622 2 454 2 0 0 
 624 2 455 2 0 0 
 625 2 456 2 0 0 
 626 1 456 2 0 0 
 627 1 457 2 0 0 
 632 1 458 2 0 0 
 633 1 457 2 0 0 
 635 1 458 2 0 0 
 637 1 456 2 0 0 
 638 1 457 2 0 0 
 639 1 458 2 0 0 
 640 1 459 2 0 0 
 641 1 460 2 0 0 
 642 1 461 2 0 0 
 644 1 462 2 0 0 
 645 1 463 2 0 0 
 646 1 461 3 0 0 
 647 1 462 3 0 0 
 648 1 463 3 0 0 
 649 1 462 3 0 0 
 650 1 463 3 0 0 
 651 1 464 3 0 0 
 653 1 465 3 0 0 
 654 1 466 3 0 0 
 656 1 467 3 0 0 
 657 1 468 3 0 0 
 658 1 469 3 0 0 
 659 1 465 3 0 0 
 660 1 465 5 0 0 
 661 1 466 5 0 0 
 662 1 467 5 0 0 
 663 1 468 5 0 0 
 664 1 469 5 0 0 
 665 1 470 5 0 0 
 666 1 471 5 0 0 
 667 1 472 5 0 0 
 668 1 473 5 0 0 
 669 1 474 5 0 0 
 670 1 475 5 0 0 
 672 1 476 5 0 0 
 673 1 475 5 0 0 
 674 1 476 5 0 0 
 675 1 477 5 0 0 
 676 1 478 5 0 0 
 677 1 479 5 0 0 
 678 1 480 5 0 0 
 680 1 481 5 0 0 
 682 1 482 5 0 0 
 683 1 483 5 0 0 
 685 1 484 5 0 0 
 686 1 485 5 0 0 
 687 1 486 5 0 0 
 689 1 487 5 0 0 
 690 1 488 5 0 0 
 692 1 489 5 0 0 
 694 1 490 5 0 0 
 695 1 491 5 0 0 
 696 1 492 5 0 0 
 697 1 490 5 0 0 
 698 1 488 5 0 0 
 699 1 486 5 0 0 
 700 1 487 5 0 0 
 701 1 488 5 0 0 
 702 1 489 5 0 0 
 704 1 490 5 0 0 
 705 1 491 5 0 0 
 706 1 492 5 0 0 
 707 1 493 5 0 0 
 708 1 494 5 0 0 
 710 1 495 5 0 0 
 711 1 492 5 0 0 
 712 1 493 5 0 0 
 713 1 492 5 0 0 
 714 1 489 6 0 0 
 715 1 490 6 0 0 
 716 1 491 6 0 0 
 718 1 488 7 0 0 
 719 1 486 9 0 0 
 720 1 487 9 0 0 
 721 1 488 9 0 0 
 722 1 489 9 0 0 
 723 1 490 9 0 0 
 724 1 491 9 0 0 
 725 1 490 12 0 0 
 726 1 489 12 0 0 
 727 1 490 12 0 0 
 728 1 491 12 0 0 
 729 1 492 12 0 0 
 730 1 493 12 0 0 
 731 1 494 12 0 0 
 732 1 495 12 0 0 
 733 1 496 12 0 0 
 734 1 497 12 0 0 
 735 1 496 12 0 0 
 737 1 497 12 0 0 
 738 1 498 12 0 0 
 739 1 497 14 0 0 
 740 1 495 14 0 0 
 741 1 494 14 0 0 
 743 1 492 16 0 0 
 745 1 493 16 0 0 
 746 1 494 16 0 0 
 747 1 493 16 0 0 
 748 1 487 16 0 0 
 749 1 485 16 0 0 
 751 1 484 16 0 0 
 752 1 485 16 0 0 
 753 1 483 16 0 0 
 754 1 478 16 0 0 
 755 1 475 16 0 0 
 756 1 476 16 0 0 
 757 1 475 16 0 0 
 758 1 470 16 0 0 
 759 1 471 16 0 0 
 760 1 472 16 0 0 
 761 1 473 16 0 0 
 762 1 473 20 0 0 
 763 1 474 20 0 0 
 764 1 475 20 0 0 
 765 1 471 21 0 0 
 766 1 472 21 0 0 
 767 1 473 21 0 0 
 768 1 468 21 0 0 
 769 1 466 21 0 0 
 772 1 467 21 0 0 
 773 1 468 21 0 0 
 774 1 469 21 0 0 
 775 1 470 21 0 0 
 777 1 471 21 0 0 
 778 1 471 22 0 0 
 780 1 460 25 0 0 
 781 1 457 25 0 0 
 782 1 457 26 0 0 
 783 1 455 26 0 0 
 784 1 456 26 0 0 
 785 1 455 26 0 0 
 786 1 448 29 0 0 
 787 1 449 29 0 0 
 788 1 450 29 0 0 
 789 1 449 30 0 0 
 790 1 447 31 0 0 
 791 1 448 31 0 0 
 792 1 448 33 0 0 
 793 1 449 33 0 0 
 794 1 450 33 0 0 
 795 1 444 37 0 0 
 796 1 442 42 0 0 
 797 1 443 42 0 0 
 798 1 442 42 0 0 
 799 1 443 42 0 0 
 800 1 442 46 0 0 
 801 1 443 46 0 0 
 802 1 443 47 0 0 
 803 1 441 47 0 0 
 804 1 441 51 0 0 
 805 1 440 56 0 0 
 806 1 439 62 0 0 
 807 1 437 63 0 0 
 808 1 438 63 0 0 
 809 1 432 64 0 0 
 810 1 429 64 0 0 
 811 1 430 64 0 0 
 812 1 431 64 0 0 
 813 1 432 64 0 0 
 814 1 433 64 0 0 
 815 1 434 64 0 0 
 817 1 434 66 0 0 
 818 1 433 66 0 0 
 819 1 434 66 0 0 
 820 1 434 68 0 0 
 821 1 429 68 0 0 
 822 1 430 68 0 0 
 823 1 430 69 0 0 
 824 1 427 73 0 0 
 825 1 426 76 0 0 
 826 1 427 76 0 0 
 827 1 423 80 0 0 
 828 1 422 87 0 0 
 829 1 421 87 0 0 
 830 1 416 87 0 0 
 831 1 416 88 0 0 
 832 1 415 88 0 0 
 833 1 411 88 0 0 
 834 1 412 88 0 0 
 836 1 413 88 0 0 
 837 1 413 92 0 0 
 838 1 414 92 0 0 
 839 1 415 92 0 0 
 840 1 413 94 0 0 
 842 1 407 95 0 0 
 843 1 407 96 0 0 
 844 1 404 102 0 0 
 845 1 404 109 0 0 
 848 1 403 109 0 0 
 850 1 403 110 0 0 
 851 1 404 110 0 0 
 852 1 400 111 0 0 
 853 1 399 113 0 0 
 854 1 399 114 0 0 
 855 1 400 114 0 0 
 856 1 400 115 0 0 
 857 1 401 115 0 0 
 858 1 400 116 0 0 
 859 1 400 118 0 0 
 860 1 396 121 0 0 
 861 1 395 121 0 0 
 862 1 396 121 0 0 
 863 1 394 122 0 0 
 864 1 392 125 0 0 
 865 1 392 126 0 0 
 866 1 393 126 0 0 
 867 1 391 127 0 0 
 868 1 386 134 0 0 
 869 1 387 134 0 0 
 870 1 386 135 0 0 
 871 1 382 136 0 0 
 872 1 383 136 0 0 
 873 1 382 138 0 0 
 874 1 379 142 0 0 
 876 1 380 142 0 0 
 877 1 378 143 0 0 
 878 1 372 146 0 0 
 879 1 371 146 0 0 
 880 1 368 152 0 0 
 881 1 368 158 0 0 
 882 1 366 161 0 0 
 883 1 362 161 0 0 
 884 1 356 161 0 0 
 885 1 355 162 0 0 
 886 1 355 167 0 0 
 887 1 355 168 0 0 
 888 1 354 171 0 0 
 889 1 355 171 0 0 
 890 1 356 171 0 0 
 892 1 352 172 0 0 
 893 1 353 172 0 0 
 894 1 350 177 0 0 
 895 1 350 178 0 0 
 896 1 342 185 0 0 
 897 1 343 185 0 0 
 898 1 344 185 0 0 
 899 1 345 185 0 0 
 900 1 340 194 0 0 
 901 1 341 194 0 0 
 902 1 341 195 0 0 
 903 1 342 195 0 0 
 906 1 342 196 0 0 
 907 1 341 198 0 0 
 908 1 340 198 0 0 
 909 1 340 199 0 0 
 910 1 341 199 0 0 
 911 1 340 202 0 0 
 912 1 335 204 0 0 
 913 1 335 207 0 0 
 914 1 333 217 0 0 
 915 1 328 217 0 0 
 916 1 323 217 0 0 
 917 1 323 219 0 0 
 918 1 323 222 0 0 
 919 1 324 222 0 0 
 920 1 319 224 0 0 
 921 1 319 228 0 0 
 922 1 318 229 0 0 
 923 1 318 236 0 0 
 924 1 319 236 0 0 
 925 1 317 240 0 0 
 926 1 313 242 0 0 
 927 1 314 242 0 0 
 928 1 313 242 0 0 
 929 1 313 243 0 0 
 930 1 311 246 0 0 
 931 1 311 247 0 0 
 932 1 311 256 0 0 
 933 1 311 258 0 0 
 934 1 307 258 0 0 
 936 1 305 261 0 0 
 937 1 299 265 0 0 
 938 1 299 270 0 0 
 939 1 294 270 0 0 
 940 1 295 270 0 0 
 941 1 294 270 0 0 
 942 1 295 270 0 0 
 943 1 287 280 0 0 
 944 1 285 281 0 0 
 945 1 285 286 0 0 
 946 1 285 287 0 0 
 947 1 285 288 0 0 
 948 1 286 288 0 0 
 949 1 285 290 0 0 
 950 1 283 298 0 0 
 951 1 283 299 0 0 
 952 1 282 308 0 0 
 954 1 282 312 0 0 
 955 1 282 318 0 0 
 957 1 282 321 0 0 
 959 1 281 324 0 0 
 960 1 277 324 0 0 
 962 1 275 325 0 0 
 963 1 275 330 0 0 
 964 1 275 337 0 0 
 965 1 273 340 0 0 
 966 1 272 346 0 0 
 967 1 272 348 0 0 
 968 1 272 352 0 0 
 969 1 266 358 0 0 
 970 1 266 365 0 0 
 971 1 266 366 0 0 
 972 1 266 372 0 0 
 973 1 267 372 0 0 
 974 1 267 374 0 0 
 975 1 256 379 0 0 
 976 1 257 379 0 0 
 977 1 257 384 0 0 
 978 1 257 386 0 0 
 979 1 258 386 0 0 
 980 1 255 386 0 0 
 981 1 255 387 0 0 
 982 1 255 392 0 0 
 983 1 254 404 0 0 
 984 1 247 408 0 0 
 985 1 246 410 0 0 
 986 1 245 418 0 0 
 987 1 245 420 0 0 
 988 1 238 432 0 0 
 989 1 238 437 0 0 
 990 1 238 441 0 0 
 991 1 238 442 0 0 
 992 1 239 442 0 0 
 994 1 239 446 0 0 
 995 1 239 449 0 0 
 996 1 239 457 0 0 
 997 1 239 459 0 0 
 998 1 237 461 0 0 
 999 1 236 468 0 0 
 1000 1 236 477 0 0 
 1001 1 237 477 0 0 
 1002 1 237 483 0 0 
 1003 1 237 485 0 0 
 1004 1 229 487 0 0 
 1005 1 226 496 0 0 
 1006 1 226 506 0 0 
 1007 1 226 509 0 0 
 1008 1 226 511 0 0 
 1009 1 226 515 0 0 
 1011 1 221 522 0 0 
 1012 1 215 522 0 0 
 1013 1 213 525 0 0 
 1014 1 213 526 0 0 
 1015 1 204 533 0 0 
 1016 1 202 534 0 0 
 1017 1 202 539 0 0 
 1018 1 202 545 0 0 
 1019 1 200 555 0 0 
 1020 1 200 564 0 0 
 1021 1 200 568 0 0 
 1022 1 198 575 0 0 
 1023 1 198 583 0 0 
 1024 1 198 595 0 0 
 1025 1 198 604 0 0 
 1026 1 198 609 0 0 
 1027 1 196 612 0 0 
 1028 1 194 614 0 0 
 1029 1 194 617 0 0 
 1030 1 195 617 0 0 
 1031 1 196 617 0 0 
 1032 1 195 618 0 0 
 1033 1 193 622 0 0 
 1034 1 193 631 0 0 
 1035 1 193 636 0 0 
 1036 1 191 640 0 0 
 1037 1 191 646 0 0 
 1038 1 192 646 0 0 
 1039 1 192 650 0 0 
 1040 1 190 664 0 0 
 1041 1 187 665 0 0 
 1042 1 187 668 0 0 
 1043 1 182 677 0 0 
 1044 1 181 684 0 0 
 1045 1 178 692 0 0 
 1046 1 178 696 0 0 
 1047 1 179 696 0 0 
 1048 1 176 700 0 0 
 1049 1 175 705 0 0 
 1050 1 175 722 0 0 
 1051 1 175 723 0 0 
 1052 1 174 728 0 0 
 1053 1 173 732 0 0 
 1054 1 173 733 0 0 
 1055 1 171 732 0 0 
 1056 1 171 735 0 0 
 1057 1 170 741 0 0 
 1058 1 168 746 0 0 
 1059 1 164 754 0 0 
 1060 1 163 760 0 0 
 1061 1 161 767 0 0 
 1063 1 161 777 0 0 
 1064 1 161 779 0 0 
 1065 1 161 783 0 0 
 1066 1 155 794 0 0 
 1067 1 155 795 0 0 
 1068 1 155 798 0 0 
 1069 1 151 806 0 0 
 1070 1 151 812 0 0 
 1071 1 150 816 0 0 
 1072 1 147 832 0 0 
 1073 1 147 836 0 0 
 1074 1 147 838 0 0 
 1075 1 147 839 0 0 
 1076 1 139 843 0 0 
 1078 1 139 846 0 0 
 1079 1 137 846 0 0 
 1080 1 137 847 0 0 
 1082 1 136 850 0 0 
 1083 1 136 852 0 0 
 1085 1 136 866 0 0 
 1088 1 134 868 0 0 
 1089 1 134 872 0 0 
 1090 1 134 875 0 0 
 1091 1 133 877 0 0 
 1092 1 131 893 0 0 
 1093 1 129 901 0 0 
 1094 1 129 911 0 0 
 1095 1 128 912 0 0 
 1096 1 128 914 0 0 
 1097 1 126 927 0 0 
 1098 1 126 930 0 0 
 1099 1 126 933 0 0 
 1100 1 125 936 0 0 
 1101 1 124 940 0 0 
 1102 1 124 949 0 0 
 1104 1 123 954 0 0 
 1105 1 118 957 0 0 
 1106 1 117 959 0 0 
 1107 1 115 961 0 0 
 1108 1 115 965 0 0 
 1109 1 115 968 0 0 
 1110 1 112 974 0 0 
 1111 1 112 977 0 0 
 1112 1 109 979 0 0 
 1113 1 109 983 0 0 
 1114 1 109 995 0 0 
 1115 1 102 1007 0 0 
 1116 1 94 1011 0 0 
 1117 1 94 1012 0 0 
 1118 1 95 1012 0 0 
 1119 1 95 1015 0 0 
 1120 1 95 984 0 0 
 1121 1 95 986 0 0 
 1122 1 95 987 0 0 
 1123 1 94 992 0 0 
 1124 1 94 999 0 0 
 1125 1 92 993 0 0 
 1126 1 92 1005 0 0 
 1127 1 91 1009 0 0 
 1128 1 89 1017 0 0 
 1129 1 89 1021 0 0 
 1130 1 89 1024 0 0 
 1131 1 86 1031 0 0 
 1132 1 82 1036 0 0 
 1133 1 82 1041 0 0 
 1134 1 82 1051 0 0 
 1135 1 80 1050 0 0 
 1136 1 80 1053 0 0 
 1137 1 81 1053 0 0 
 1138 1 81 1056 0 0 
 1140 1 78 1058 0 0 
 1141 1 76 1065 0 0 
 1142 1 75 1072 0 0 
 1143 1 75 1088 0 0 
 1144 1 70 1099 0 0 
 1145 1 67 1113 0 0 
 1146 1 67 1125 0 0 
 1147 1 67 1129 0 0 
 1148 1 67 1131 0 0 
 1149 1 67 1137 0 0 
 1150 1 67 1151 0 0 
 1151 1 67 1161 0 0 
 1152 1 60 1170 0 0 
 1153 1 60 1179 0 0 
 1154 1 60 1181 0 0 
 1155 1 58 1178 0 0 
 1156 1 58 1187 0 0 
 1157 1 58 1186 0 0 
 1158 1 58 1190 0 0 
 1159 1 58 1183 0 0 
 1160 1 55 1189 0 0 
 1161 1 55 1199 0 0 
 1162 1 55 1189 0 0 
 1163 1 53 1198 0 0 
 1164 1 53 1213 0 0 
 1165 1 53 1216 0 0 
 1166 1 52 1218 0 0 
 1167 1 52 1232 0 0 
 1168 1 52 1237 0 0 
 1170 1 52 1246 0 0 
 1171 1 52 1253 0 0 
 1172 1 51 1257 0 0 
 1173 1 51 1268 0 0 
 1174 1 51 1272 0 0 
 1175 1 51 1276 0 0 
 1176 1 51 1285 0 0 
 1177 1 51 1283 0 0 
 1178 1 48 1296 0 0 
 1179 1 46 1293 0 0 
 1180 1 46 1294 0 0 
 1181 1 46 1299 0 0 
 1182 1 46 1303 0 0 
 1183 1 46 1315 0 0 
 1185 1 46 1318 0 0 
 1186 1 42 1325 0 0 
 1187 1 42 1331 0 0 
 1188 1 42 1336 0 0 
 1189 1 42 1340 2 0 
 1190 1 42 1345 2 0 
 1191 1 42 1350 2 0 
 1192 1 42 1353 2 0 
 1193 1 42 1357 2 0 
 1194 1 40 1359 2 0 
 1195 1 39 1367 2 0 
 1198 1 39 1372 2 0 
 1199 1 39 1377 4 0 
 1200 1 38 1373 4 0 
 1201 1 38 1384 4 0 
 1202 1 38 1388 4 0 
 1203 1 38 1396 4 0 
 1204 1 32 1405 4 0 
 1205 1 32 1393 4 0 
 1206 1 32 1395 7 0 
 1207 1 32 1365 7 0 
 1208 1 32 1369 7 0 
 1209 1 32 1376 7 0 
 1210 1 32 1378 7 0 
 1211 1 32 1376 7 0 
 1212 1 32 1382 7 0 
 1213 1 32 1388 7 0 
 1214 1 32 1400 7 0 
 1215 1 32 1394 11 0 
 1216 1 32 1396 11 0 
 1217 1 32 1396 11 0 
 1218 1 32 1398 11 0 
 1219 1 32 1363 11 0 
 1220 1 32 1369 11 0 
 1221 1 32 1359 11 0 
 1222 1 32 1375 11 0 
 1223 1 32 1361 11 0 
 1224 1 30 1369 11 0 
 1225 1 30 1373 11 0 
 1226 1 30 1375 11 0 
 1228 1 30 1380 11 0 
 1229 1 28 1388 11 0 
 1230 1 28 1392 11 0 
 1231 1 27 1379 12 0 
 1232 1 27 1391 12 0 
 1233 1 27 1388 13 0 
 1234 1 27 1400 13 0 
 1235 1 27 1387 16 0 
 1236 1 27 1374 16 0 
 1237 1 27 1361 16 0 
 1238 1 27 1371 18 0 
 1239 1 27 1379 18 0 
 1240 1 27 1384 18 0 
 1241 1 27 1387 18 0 
 1242 1 27 1392 18 0 
 1243 1 27 1397 18 0 
 1244 1 26 1403 18 0 
 1245 1 26 1414 18 0 
 1246 1 25 1413 18 0 
 1247 1 25 1383 25 0 
 1248 1 25 1386 29 0 
 1249 1 25 1392 29 0 
 1250 1 25 1365 31 0 
 1251 1 25 1359 35 0 
 1252 1 25 1359 36 0 
 1253 1 25 1362 36 0 
 1254 1 25 1372 38 0 
 1255 1 25 1305 44 0 
 1256 1 23 1311 44 0 
 1257 1 23 1311 44 0 
 1258 1 23 1317 50 0 
 1259 1 23 1313 55 0 
 1260 1 22 1320 55 0 
 1261 1 22 1323 55 0 
 1262 1 22 1331 63 0 
 1263 1 22 1339 67 0 
 1264 1 22 1354 67 0 
 1265 1 22 1333 70 0 
 1266 1 22 1334 78 0 
 1267 1 18 1332 78 0 
 1268 1 16 1305 80 1 
 1269 1 17 1305 80 1 
 1270 1 17 1308 80 1 
 1271 1 17 1295 81 1 
 1272 1 17 1305 81 1 
 1273 1 16 1295 81 1 
 1274 1 16 1306 81 1 
 1275 1 16 1300 93 1 
 1276 1 16 1310 93 1 
 1277 1 16 1297 99 2 
 1278 1 16 1287 109 2 
 1279 1 15 1279 109 2 
 1280 1 15 1274 124 2 
 1281 1 15 1278 125 2 
 1282 1 15 1281 130 2 
 1283 1 15 1294 133 2 
 1284 1 15 1297 134 2 
 1285 1 15 1288 136 2 
 1286 1 15 1292 136 2 
 1287 1 15 1284 150 2 
 1288 1 15 1294 154 2 
 1289 1 15 1275 154 2 
 1290 1 15 1272 161 2 
 1291 1 15 1208 157 2 
 1292 1 15 1213 163 2 
 1293 1 15 1214 165 2 
 1294 1 15 1217 165 2 
 1295 1 15 1218 165 2 
 1296 1 15 1210 165 2 
 1297 1 15 1183 165 2 
 1298 1 15 1163 181 2 
 1299 1 15 1172 183 2 
 1300 1 15 1171 183 2 
 1301 1 15 1175 184 2 
 1302 1 15 1179 184 2 
 1303 1 15 1183 185 2 
 1304 1 15 1166 190 2 
 1305 1 15 1160 194 2 
 1306 1 15 1167 194 2 
 1307 1 15 1159 194 2 
 1308 1 15 1151 199 2 
 1309 1 15 1151 201 2 
 1310 1 15 1146 213 2 
 1311 1 15 1134 222 2 
 1312 1 15 1111 227 2 
 1313 1 15 1115 227 2 
 1314 1 15 1118 227 2 
 1315 1 15 1108 237 2 
 1316 1 15 1110 237 2 
 1317 1 15 1111 237 2 
 1318 1 14 1115 237 2 
 1319 1 14 1109 249 2 
 1320 1 14 1119 249 2 
 1321 1 14 1129 249 2 
 1322 1 14 1123 263 2 
 1323 1 14 1102 258 5 
 1324 1 14 1088 275 5 
 1325 1 14 1075 308 5 
 1326 1 11 1079 308 5 
 1327 1 11 1079 313 5 
 1328 1 11 1059 327 5 
 1329 1 10 1051 342 5 
 1330 1 10 1037 356 5 
 1331 1 9 1030 360 5 
 1332 1 9 1021 378 5 
 1333 1 9 1008 389 5 
 1334 1 7 1010 389 5 
 1335 1 7 1019 389 5 
 1336 1 7 1031 389 5 
 1337 1 7 1036 390 5 
 1338 1 7 1027 404 5 
 1339 1 7 1019 405 5 
 1340 1 7 1029 405 5 
 1341 1 7 1019 394 10 
 1342 1 7 1001 408 10 
 1343 1 7 971 415 10 
 1344 1 7 940 422 10 
 1345 1 7 945 423 10 
 1346 1 7 946 423 10 
 1347 1 3 921 423 10 
 1348 1 3 923 428 10 
 1349 1 3 925 428 10 
 1350 1 3 885 441 10 
 1351 1 3 809 453 10 
 1352 1 3 808 453 10 
 1353 1 3 822 453 10 
 1354 1 1 812 456 10 
 1355 1 1 801 470 10 
 1356 1 1 801 489 10 
 1357 1 1 768 500 10 
 1358 1 1 757 503 10 
 1359 1 1 758 506 10 
 1360 1 1 750 528 10 
 1361 1 1 750 539 10 
 1362 1 1 750 545 10 
 1363 1 1 745 578 10 
 1364 1 1 748 578 10 
 1365 1 1 738 591 10 
 1366 1 1 730 594 10 
 1367 1 1 697 609 10 
 1368 1 1 628 575 29 
 1369 1 1 630 586 29 
 1370 1 1 631 597 30 
 1371 1 1 630 600 31 
 1372 1 1 632 600 31 
 1373 1 1 632 604 31 
 1374 1 1 636 611 31 
 1375 1 1 605 597 34 
 1376 1 1 604 619 37 
 1377 1 1 605 624 37 
 1378 1 1 564 632 37 
 1379 1 1 556 642 37 
 1380 1 1 550 659 37 
 1381 1 1 550 667 49 
 1382 1 1 548 673 49 
 1383 1 1 548 685 49 
 1384 1 1 548 696 52 
 1385 1 1 540 705 52 
 1386 1 1 525 716 53 
 1387 1 1 525 722 53 
 1388 1 0 526 722 53 
 1389 1 0 500 714 65 
 1390 1 0 504 714 65 
 1391 1 0 508 716 65 
 1392 1 0 508 738 65 
 1393 1 0 508 735 73 
 1394 1 0 509 735 73 
 1395 1 0 508 747 83 
 1396 1 0 504 755 83 
 1397 1 0 506 767 84 
 1398 1 0 504 770 86 
 1399 1 0 494 783 90 
 1400 1 0 495 784 90 
 1401 1 0 496 788 90 
 1402 1 0 497 803 90 
 1403 1 0 493 804 90 
 1404 1 0 497 805 90 
 1405 1 0 477 832 91 
 1406 1 0 477 852 91 
 1407 1 0 471 894 94 
 1408 1 0 467 905 94 
 1409 1 0 459 911 96 
 1410 1 0 459 916 96 
 1411 1 0 418 942 106 
 1412 1 0 417 962 106 
 1413 1 0 415 965 107 
 1414 1 0 387 975 140 
 1415 1 0 381 989 140 
 1416 1 0 373 999 144 
 1417 1 0 375 1018 144 
 1418 1 0 372 1013 159 
 1419 1 0 368 1017 163 
 1420 1 0 359 1051 163 
 1421 1 0 352 1073 163 
 1422 1 0 352 1110 166 
 1423 1 0 353 1110 166 
 1424 1 0 351 1133 166 
 1425 1 0 351 1147 166 
 1426 1 0 347 1149 202 
 1427 1 0 342 1153 202 
 1428 1 0 338 1161 202 
 1429 1 0 329 1176 210 
 1430 1 0 321 1183 261 
 1431 1 0 321 1214 261 
 1432 1 0 321 1231 261 
 1433 1 0 321 1248 261 
 1434 1 0 303 1251 262 
 1435 1 0 303 1252 263 
 1436 1 0 306 1252 263 
 1437 1 0 305 1263 268 
 1438 1 0 305 1267 269 
 1439 1 0 303 1278 275 
 1440 1 0 294 1313 281 
 1441 1 0 280 1326 289 
 1442 1 0 271 1331 289 
 1443 1 0 266 1359 289 
 1444 1 0 261 1384 298 
 1445 1 0 254 1391 304 
 1446 1 0 255 1393 305 
 1447 1 0 255 1393 348 
 1448 1 0 255 1411 348 
 1449 1 0 257 1415 348 
 1450 1 0 258 1416 348 
 1451 1 0 259 1430 349 
 1452 1 0 260 1432 349 
 1453 1 0 258 1437 366 
 1454 1 0 245 1425 407 
 1455 1 0 245 1448 412 
 1456 1 0 241 1423 426 
 1457 1 0 241 1443 434 
 1458 1 0 241 1456 438 
 1459 1 0 236 1458 464 
 1460 1 0 236 1473 464 
 1461 1 0 200 1468 483 
 1462 1 0 192 1480 489 
 1463 1 0 171 1539 489 
 1464 1 0 168 1554 494 
 1465 1 0 169 1584 494 
 1466 1 0 169 1599 516 
 1467 1 0 167 1603 518 
 1468 1 0 161 1643 518 
 1469 1 0 141 1614 565 
 1470 1 0 140 1577 669 
 1471 1 0 140 1583 700 
 1472 1 0 142 1586 700 
 1473 1 0 143 1588 700 
 1474 1 0 143 1604 728 
 1475 1 0 150 1624 728 
 1476 1 0 146 1598 756 
 1477 1 0 144 1613 759 
 1478 1 0 143 1629 787 
 1479 1 0 140 1643 823 
 1480 1 0 138 1663 838 
 1481 1 0 135 1679 838 
 1482 1 0 135 1695 841 
 1483 1 0 131 1692 844 
 1484 1 0 131 1649 964 
 1485 1 0 132 1652 964 
 1486 1 0 128 1650 1010 
 1487 1 0 120 1674 1011 
 1488 1 0 115 1698 1023 
 1489 1 0 110 1700 1023 
 1490 1 0 107 1688 1036 
 1491 1 0 107 1689 1042 
 1492 1 0 108 1706 1048 
 1493 1 0 106 1703 1066 
 1494 1 0 106 1727 1066 
 1495 1 0 106 1731 1067 
 1496 1 0 105 1732 1080 
 1497 1 0 102 1792 1080 
 1498 1 0 97 1805 1089 
 1499 1 0 91 1823 1089 
 1500 1 0 89 1813 1108 
 1501 1 0 91 1826 1108 
 1502 1 0 89 1829 1111 
 1503 1 0 82 1840 1111 
 1504 1 0 81 1840 1117 
 1505 1 0 80 1842 1147 
 1506 1 0 80 1831 1206 
 1507 1 0 78 1859 1206 
 1508 1 0 78 1877 1247 
 1509 1 0 86 1892 1247 
 1510 1 0 86 1887 1279 
 1511 1 0 68 1874 1301 
 1512 1 0 67 1788 1398 
 1513 1 0 67 1774 1516 
 1514 1 0 67 1781 1520 
 1515 1 0 66 1812 1521 
 1516 1 0 66 1848 1523 
 1517 1 0 65 1801 1625 
 1518 1 0 65 1806 1625 
 1519 1 0 65 1756 1825 
 1520 1 0 65 1768 1830 
 1521 1 0 61 1760 1866 
 1522 1 0 61 1769 1915 
 1523 1 0 61 1781 1915 
 1524 1 0 61 1786 1980 
 1525 1 0 61 1791 2024 
 1526 1 0 47 1792 2024 
 1527 1 0 47 1746 2239 
 1528 1 0 47 1742 2305 
 1529 1 0 47 1773 2305 
 1530 1 0 47 1776 2309 
 1531 1 0 44 1683 2529 
 1532 1 0 40 1681 2559 
 1533 1 0 33 1680 2563 
 1534 1 0 33 1607 2692 