1268 -1
1277 -1
1323 -1
1323 -1
1323 -1
1341 -1
1341 -1
1341 -1
1341 -1
1341 -1
1368 -1
1368 -1
1368 -1
1368 -1
1368 -1
1368 -1
1368 -1
1368 -1
1368 -1
1368 -1
1368 -1
1368 -1
1368 -1
1368 -1
1368 -1
1368 -1
1368 -1
1368 -1
1368 -1
1370 -1
1371 -1
1375 -1
1375 -1
1375 -1
1376 -1
1376 -1
1376 -1
1381 -1
1381 -1
1381 -1
1381 -1
1381 -1
1381 -1
1381 -1
1381 -1
1381 -1
1381 -1
1381 -1
1381 -1
1384 -1
1384 -1
1384 -1
1386 -1
1389 -1
1389 -1
1389 -1
1389 -1
1389 -1
1389 -1
1389 -1
1389 -1
1389 -1
1389 -1
1389 -1
1389 -1
1393 -1
1393 -1
1393 -1
1393 -1
1393 -1
1393 -1
1393 -1
1393 -1
1395 -1
1395 -1
1395 -1
1395 -1
1395 -1
1395 -1
1395 -1
1395 -1
1395 -1
1395 -1
1397 -1
1398 -1
1398 -1
1399 -1
1399 -1
1399 -1
1399 -1
1405 -1
1407 -1
1407 -1
1407 -1
1409 -1
1409 -1
1411 -1
1411 -1
1411 -1
1411 -1
1411 -1
1411 -1
1411 -1
1411 -1
1411 -1
1411 -1
1413 -1
1414 -1
1414 -1
1414 -1
1414 -1
1414 -1
1414 -1
1414 -1
1414 -1
1414 -1
1414 -1
1414 -1
1414 -1
1414 -1
1414 -1
1414 -1
1414 -1
1414 -1
1414 -1
1414 -1
1414 -1
1414 -1
1414 -1
1414 -1
1414 -1
1414 -1
1414 -1
1414 -1
1414 -1
1414 -1
1414 -1
1414 -1
1414 -1
1414 -1
1416 -1
1416 -1
1416 -1
1416 -1
1418 -1
1418 -1
1418 -1
1418 -1
1418 -1
1418 -1
1418 -1
1418 -1
1418 -1
1418 -1
1418 -1
1418 -1
1418 -1
1418 -1
1418 -1
1419 -1
1419 -1
1419 -1
1419 -1
1422 -1
1422 -1
1422 -1
1426 -1
1426 -1
1426 -1
1426 -1
1426 -1
1426 -1
1426 -1
1426 -1
1426 -1
1426 -1
1426 -1
1426 -1
1426 -1
1426 -1
1426 -1
1426 -1
1426 -1
1426 -1
1426 -1
1426 -1
1426 -1
1426 -1
1426 -1
1426 -1
1426 -1
1426 -1
1426 -1
1426 -1
1426 -1
1426 -1
1426 -1
1426 -1
1426 -1
1426 -1
1426 -1
1426 -1
1429 -1
1429 -1
1429 -1
1429 -1
1429 -1
1429 -1
1429 -1
1429 -1
1430 -1
1430 -1
1430 -1
1430 -1
1430 -1
1430 -1
1430 -1
1430 -1
1430 -1
1430 -1
1430 -1
1430 -1
1430 -1
1430 -1
1430 -1
1430 -1
1430 -1
1430 -1
1430 -1
1430 -1
1430 -1
1430 -1
1430 -1
1430 -1
1430 -1
1430 -1
1430 -1
1430 -1
1430 -1
1430 -1
1430 -1
1430 -1
1430 -1
1430 -1
1430 -1
1430 -1
1430 -1
1430 -1
1430 -1
1430 -1
1430 -1
1430 -1
1430 -1
1430 -1
1430 -1
1430 -1
1430 -1
1430 -1
1430 -1
1430 -1
1430 -1
1434 -1
1435 -1
1437 -1
1437 -1
1437 -1
1437 -1
1437 -1
1438 -1
1439 -1
1439 -1
1439 -1
1439 -1
1439 -1
1439 -1
1440 -1
1440 -1
1440 -1
1440 -1
1440 -1
1440 -1
1441 -1
1441 -1
1441 -1
1441 -1
1441 -1
1441 -1
1441 -1
1441 -1
1444 -1
1444 -1
1444 -1
1444 -1
1444 -1
1444 -1
1444 -1
1444 -1
1444 -1
1445 -1
1445 -1
1445 -1
1445 -1
1445 -1
1445 -1
1446 -1
1447 -1
1447 -1
1447 -1
1447 -1
1447 -1
1447 -1
1447 -1
1447 -1
1447 -1
1447 -1
1447 -1
1447 -1
1447 -1
1447 -1
1447 -1
1447 -1
1447 -1
1447 -1
1447 -1
1447 -1
1447 -1
1447 -1
1447 -1
1447 -1
1447 -1
1447 -1
1447 -1
1447 -1
1447 -1
1447 -1
1447 -1
1447 -1
1447 -1
1447 -1
1447 -1
1447 -1
1447 -1
1447 -1
1447 -1
1447 -1
1447 -1
1447 -1
1447 -1
1451 -1
1453 -1
1453 -1
1453 -1
1453 -1
1453 -1
1453 -1
1453 -1
1453 -1
1453 -1
1453 -1
1453 -1
1453 -1
1453 -1
1453 -1
1453 -1
1453 -1
1453 -1
1454 -1
1454 -1
1454 -1
1454 -1
1454 -1
1454 -1
1454 -1
1454 -1
1454 -1
1454 -1
1454 -1
1454 -1
1454 -1
1454 -1
1454 -1
1454 -1
1454 -1
1454 -1
1454 -1
1454 -1
1454 -1
1454 -1
1454 -1
1454 -1
1454 -1
1454 -1
1454 -1
1454 -1
1454 -1
1454 -1
1454 -1
1454 -1
1454 -1
1454 -1
1454 -1
1454 -1
1454 -1
1454 -1
1454 -1
1454 -1
1454 -1
1455 -1
1455 -1
1455 -1
1455 -1
1455 -1
1456 -1
1456 -1
1456 -1
1456 -1
1456 -1
1456 -1
1456 -1
1456 -1
1456 -1
1456 -1
1456 -1
1456 -1
1456 -1
1456 -1
1457 -1
1457 -1
1457 -1
1457 -1
1457 -1
1457 -1
1457 -1
1457 -1
1458 -1
1458 -1
1458 -1
1458 -1
1459 -1
1459 -1
1459 -1
1459 -1
1459 -1
1459 -1
1459 -1
1459 -1
1459 -1
1459 -1
1459 -1
1459 -1
1459 -1
1459 -1
1459 -1
1459 -1
1459 -1
1459 -1
1459 -1
1459 -1
1459 -1
1459 -1
1459 -1
1459 -1
1459 -1
1459 -1
1461 -1
1461 -1
1461 -1
1461 -1
1461 -1
1461 -1
1461 -1
1461 -1
1461 -1
1461 -1
1461 -1
1461 -1
1461 -1
1461 -1
1461 -1
1461 -1
1461 -1
1461 -1
1461 -1
1462 -1
1462 -1
1462 -1
1462 -1
1462 -1
1462 -1
1464 -1
1464 -1
1464 -1
1464 -1
1464 -1
1466 -1
1466 -1
1466 -1
1466 -1
1466 -1
1466 -1
1466 -1
1466 -1
1466 -1
1466 -1
1466 -1
1466 -1
1466 -1
1466 -1
1466 -1
1466 -1
1466 -1
1466 -1
1466 -1
1466 -1
1466 -1
1466 -1
1467 -1
1467 -1
1469 -1
1469 -1
1469 -1
1469 -1
1469 -1
1469 -1
1469 -1
1469 -1
1469 -1
1469 -1
1469 -1
1469 -1
1469 -1
1469 -1
1469 -1
1469 -1
1469 -1
1469 -1
1469 -1
1469 -1
1469 -1
1469 -1
1469 -1
1469 -1
1469 -1
1469 -1
1469 -1
1469 -1
1469 -1
1469 -1
1469 -1
1469 -1
1469 -1
1469 -1
1469 -1
1469 -1
1469 -1
1469 -1
1469 -1
1469 -1
1469 -1
1469 -1
1469 -1
1469 -1
1469 -1
1469 -1
1469 -1
1470 -1
1470 -1
1470 -1
1470 -1
1470 -1
1470 -1
1470 -1
1470 -1
1470 -1
1470 -1
1470 -1
1470 -1
1470 -1
1470 -1
1470 -1
1470 -1
1470 -1
1470 -1
1470 -1
1470 -1
1470 -1
1470 -1
1470 -1
1470 -1
1470 -1
1470 -1
1470 -1
1470 -1
1470 -1
1470 -1
1470 -1
1470 -1
1470 -1
1470 -1
1470 -1
1470 -1
1470 -1
1470 -1
1470 -1
1470 -1
1470 -1
1470 -1
1470 -1
1470 -1
1470 -1
1470 -1
1470 -1
1470 -1
1470 -1
1470 -1
1470 -1
1470 -1
1470 -1
1470 -1
1470 -1
1470 -1
1470 -1
1470 -1
1470 -1
1470 -1
1470 -1
1470 -1
1470 -1
1470 -1
1470 -1
1470 -1
1470 -1
1470 -1
1470 -1
1470 -1
1470 -1
1470 -1
1470 -1
1470 -1
1470 -1
1470 -1
1470 -1
1470 -1
1470 -1
1470 -1
1470 -1
1470 -1
1470 -1
1470 -1
1470 -1
1470 -1
1470 -1
1470 -1
1470 -1
1470 -1
1470 -1
1470 -1
1470 -1
1470 -1
1470 -1
1470 -1
1470 -1
1470 -1
1470 -1
1470 -1
1470 -1
1470 -1
1470 -1
1470 -1
1471 -1
1471 -1
1471 -1
1471 -1
1471 -1
1471 -1
1471 -1
1471 -1
1471 -1
1471 -1
1471 -1
1471 -1
1471 -1
1471 -1
1471 -1
1471 -1
1471 -1
1471 -1
1471 -1
1471 -1
1471 -1
1471 -1
1471 -1
1471 -1
1471 -1
1471 -1
1471 -1
1471 -1
1471 -1
1471 -1
1471 -1
1474 -1
1474 -1
1474 -1
1474 -1
1474 -1
1474 -1
1474 -1
1474 -1
1474 -1
1474 -1
1474 -1
1474 -1
1474 -1
1474 -1
1474 -1
1474 -1
1474 -1
1474 -1
1474 -1
1474 -1
1474 -1
1474 -1
1474 -1
1474 -1
1474 -1
1474 -1
1474 -1
1474 -1
1476 -1
1476 -1
1476 -1
1476 -1
1476 -1
1476 -1
1476 -1
1476 -1
1476 -1
1476 -1
1476 -1
1476 -1
1476 -1
1476 -1
1476 -1
1476 -1
1476 -1
1476 -1
1476 -1
1476 -1
1476 -1
1476 -1
1476 -1
1476 -1
1476 -1
1476 -1
1476 -1
1476 -1
1477 -1
1477 -1
1477 -1
1478 -1
1478 -1
1478 -1
1478 -1
1478 -1
1478 -1
1478 -1
1478 -1
1478 -1
1478 -1
1478 -1
1478 -1
1478 -1
1478 -1
1478 -1
1478 -1
1478 -1
1478 -1
1478 -1
1478 -1
1478 -1
1478 -1
1478 -1
1478 -1
1478 -1
1478 -1
1478 -1
1478 -1
1479 -1
1479 -1
1479 -1
1479 -1
1479 -1
1479 -1
1479 -1
1479 -1
1479 -1
1479 -1
1479 -1
1479 -1
1479 -1
1479 -1
1479 -1
1479 -1
1479 -1
1479 -1
1479 -1
1479 -1
1479 -1
1479 -1
1479 -1
1479 -1
1479 -1
1479 -1
1479 -1
1479 -1
1479 -1
1479 -1
1479 -1
1479 -1
1479 -1
1479 -1
1479 -1
1479 -1
1480 -1
1480 -1
1480 -1
1480 -1
1480 -1
1480 -1
1480 -1
1480 -1
1480 -1
1480 -1
1480 -1
1480 -1
1480 -1
1480 -1
1480 -1
1482 -1
1482 -1
1482 -1
1483 -1
1483 -1
1483 -1
1484 -1
1484 -1
1484 -1
1484 -1
1484 -1
1484 -1
1484 -1
1484 -1
1484 -1
1484 -1
1484 -1
1484 -1
1484 -1
1484 -1
1484 -1
1484 -1
1484 -1
1484 -1
1484 -1
1484 -1
1484 -1
1484 -1
1484 -1
1484 -1
1484 -1
1484 -1
1484 -1
1484 -1
1484 -1
1484 -1
1484 -1
1484 -1
1484 -1
1484 -1
1484 -1
1484 -1
1484 -1
1484 -1
1484 -1
1484 -1
1484 -1
1484 -1
1484 -1
1484 -1
1484 -1
1484 -1
1484 -1
1484 -1
1484 -1
1484 -1
1484 -1
1484 -1
1484 -1
1484 -1
1484 -1
1484 -1
1484 -1
1484 -1
1484 -1
1484 -1
1484 -1
1484 -1
1484 -1
1484 -1
1484 -1
1484 -1
1484 -1
1484 -1
1484 -1
1484 -1
1484 -1
1484 -1
1484 -1
1484 -1
1484 -1
1484 -1
1484 -1
1484 -1
1484 -1
1484 -1
1484 -1
1484 -1
1484 -1
1484 -1
1484 -1
1484 -1
1484 -1
1484 -1
1484 -1
1484 -1
1484 -1
1484 -1
1484 -1
1484 -1
1484 -1
1484 -1
1484 -1
1484 -1
1484 -1
1484 -1
1484 -1
1484 -1
1484 -1
1484 -1
1484 -1
1484 -1
1484 -1
1484 -1
1484 -1
1484 -1
1484 -1
1484 -1
1484 -1
1484 -1
1484 -1
1484 -1
1484 -1
1484 -1
1484 -1
1484 -1
1486 -1
1486 -1
1486 -1
1486 -1
1486 -1
1486 -1
1486 -1
1486 -1
1486 -1
1486 -1
1486 -1
1486 -1
1486 -1
1486 -1
1486 -1
1486 -1
1486 -1
1486 -1
1486 -1
1486 -1
1486 -1
1486 -1
1486 -1
1486 -1
1486 -1
1486 -1
1486 -1
1486 -1
1486 -1
1486 -1
1486 -1
1486 -1
1486 -1
1486 -1
1486 -1
1486 -1
1486 -1
1486 -1
1486 -1
1486 -1
1486 -1
1486 -1
1486 -1
1486 -1
1486 -1
1486 -1
1487 -1
1488 -1
1488 -1
1488 -1
1488 -1
1488 -1
1488 -1
1488 -1
1488 -1
1488 -1
1488 -1
1488 -1
1488 -1
1490 -1
1490 -1
1490 -1
1490 -1
1490 -1
1490 -1
1490 -1
1490 -1
1490 -1
1490 -1
1490 -1
1490 -1
1490 -1
1491 -1
1491 -1
1491 -1
1491 -1
1491 -1
1491 -1
1492 -1
1492 -1
1492 -1
1492 -1
1492 -1
1492 -1
1493 -1
1493 -1
1493 -1
1493 -1
1493 -1
1493 -1
1493 -1
1493 -1
1493 -1
1493 -1
1493 -1
1493 -1
1493 -1
1493 -1
1493 -1
1493 -1
1493 -1
1493 -1
1495 -1
1496 -1
1496 -1
1496 -1
1496 -1
1496 -1
1496 -1
1496 -1
1496 -1
1496 -1
1496 -1
1496 -1
1496 -1
1496 -1
1498 -1
1498 -1
1498 -1
1498 -1
1498 -1
1498 -1
1498 -1
1498 -1
1498 -1
1500 -1
1500 -1
1500 -1
1500 -1
1500 -1
1500 -1
1500 -1
1500 -1
1500 -1
1500 -1
1500 -1
1500 -1
1500 -1
1500 -1
1500 -1
1500 -1
1500 -1
1500 -1
1500 -1
1502 -1
1502 -1
1502 -1
1504 -1
1504 -1
1504 -1
1504 -1
1504 -1
1504 -1
1505 -1
1505 -1
1505 -1
1505 -1
1505 -1
1505 -1
1505 -1
1505 -1
1505 -1
1505 -1
1505 -1
1505 -1
1505 -1
1505 -1
1505 -1
1505 -1
1505 -1
1505 -1
1505 -1
1505 -1
1505 -1
1505 -1
1505 -1
1505 -1
1505 -1
1505 -1
1505 -1
1505 -1
1505 -1
1505 -1
1506 -1
1506 -1
1506 -1
1506 -1
1506 -1
1506 -1
1506 -1
1506 -1
1506 -1
1506 -1
1506 -1
1506 -1
1506 -1
1506 -1
1506 -1
1506 -1
1506 -1
1506 -1
1506 -1
1506 -1
1506 -1
1506 -1
1506 -1
1506 -1
1506 -1
1506 -1
1506 -1
1506 -1
1506 -1
1506 -1
1506 -1
1506 -1
1506 -1
1506 -1
1506 -1
1506 -1
1506 -1
1506 -1
1506 -1
1506 -1
1506 -1
1506 -1
1506 -1
1506 -1
1506 -1
1506 -1
1506 -1
1506 -1
1506 -1
1506 -1
1506 -1
1506 -1
1506 -1
1506 -1
1506 -1
1506 -1
1506 -1
1506 -1
1506 -1
1508 -1
1508 -1
1508 -1
1508 -1
1508 -1
1508 -1
1508 -1
1508 -1
1508 -1
1508 -1
1508 -1
1508 -1
1508 -1
1508 -1
1508 -1
1508 -1
1508 -1
1508 -1
1508 -1
1508 -1
1508 -1
1508 -1
1508 -1
1508 -1
1508 -1
1508 -1
1508 -1
1508 -1
1508 -1
1508 -1
1508 -1
1508 -1
1508 -1
1508 -1
1508 -1
1508 -1
1508 -1
1508 -1
1508 -1
1508 -1
1508 -1
1510 -1
1510 -1
1510 -1
1510 -1
1510 -1
1510 -1
1510 -1
1510 -1
1510 -1
1510 -1
1510 -1
1510 -1
1510 -1
1510 -1
1510 -1
1510 -1
1510 -1
1510 -1
1510 -1
1510 -1
1510 -1
1510 -1
1510 -1
1510 -1
1510 -1
1510 -1
1510 -1
1510 -1
1510 -1
1510 -1
1510 -1
1510 -1
1511 -1
1511 -1
1511 -1
1511 -1
1511 -1
1511 -1
1511 -1
1511 -1
1511 -1
1511 -1
1511 -1
1511 -1
1511 -1
1511 -1
1511 -1
1511 -1
1511 -1
1511 -1
1511 -1
1511 -1
1511 -1
1511 -1
1512 -1
1512 -1
1512 -1
1512 -1
1512 -1
1512 -1
1512 -1
1512 -1
1512 -1
1512 -1
1512 -1
1512 -1
1512 -1
1512 -1
1512 -1
1512 -1
1512 -1
1512 -1
1512 -1
1512 -1
1512 -1
1512 -1
1512 -1
1512 -1
1512 -1
1512 -1
1512 -1
1512 -1
1512 -1
1512 -1
1512 -1
1512 -1
1512 -1
1512 -1
1512 -1
1512 -1
1512 -1
1512 -1
1512 -1
1512 -1
1512 -1
1512 -1
1512 -1
1512 -1
1512 -1
1512 -1
1512 -1
1512 -1
1512 -1
1512 -1
1512 -1
1512 -1
1512 -1
1512 -1
1512 -1
1512 -1
1512 -1
1512 -1
1512 -1
1512 -1
1512 -1
1512 -1
1512 -1
1512 -1
1512 -1
1512 -1
1512 -1
1512 -1
1512 -1
1512 -1
1512 -1
1512 -1
1512 -1
1512 -1
1512 -1
1512 -1
1512 -1
1512 -1
1512 -1
1512 -1
1512 -1
1512 -1
1512 -1
1512 -1
1512 -1
1512 -1
1512 -1
1512 -1
1512 -1
1512 -1
1512 -1
1512 -1
1512 -1
1512 -1
1512 -1
1512 -1
1512 -1
1513 -1
1513 -1
1513 -1
1513 -1
1513 -1
1513 -1
1513 -1
1513 -1
1513 -1
1513 -1
1513 -1
1513 -1
1513 -1
1513 -1
1513 -1
1513 -1
1513 -1
1513 -1
1513 -1
1513 -1
1513 -1
1513 -1
1513 -1
1513 -1
1513 -1
1513 -1
1513 -1
1513 -1
1513 -1
1513 -1
1513 -1
1513 -1
1513 -1
1513 -1
1513 -1
1513 -1
1513 -1
1513 -1
1513 -1
1513 -1
1513 -1
1513 -1
1513 -1
1513 -1
1513 -1
1513 -1
1513 -1
1513 -1
1513 -1
1513 -1
1513 -1
1513 -1
1513 -1
1513 -1
1513 -1
1513 -1
1513 -1
1513 -1
1513 -1
1513 -1
1513 -1
1513 -1
1513 -1
1513 -1
1513 -1
1513 -1
1513 -1
1513 -1
1513 -1
1513 -1
1513 -1
1513 -1
1513 -1
1513 -1
1513 -1
1513 -1
1513 -1
1513 -1
1513 -1
1513 -1
1513 -1
1513 -1
1513 -1
1513 -1
1513 -1
1513 -1
1513 -1
1513 -1
1513 -1
1513 -1
1513 -1
1513 -1
1513 -1
1513 -1
1513 -1
1513 -1
1513 -1
1513 -1
1513 -1
1513 -1
1513 -1
1513 -1
1513 -1
1513 -1
1513 -1
1513 -1
1513 -1
1513 -1
1513 -1
1513 -1
1513 -1
1513 -1
1513 -1
1513 -1
1513 -1
1513 -1
1513 -1
1513 -1
1514 -1
1514 -1
1514 -1
1514 -1
1515 -1
1516 -1
1516 -1
1517 -1
1517 -1
1517 -1
1517 -1
1517 -1
1517 -1
1517 -1
1517 -1
1517 -1
1517 -1
1517 -1
1517 -1
1517 -1
1517 -1
1517 -1
1517 -1
1517 -1
1517 -1
1517 -1
1517 -1
1517 -1
1517 -1
1517 -1
1517 -1
1517 -1
1517 -1
1517 -1
1517 -1
1517 -1
1517 -1
1517 -1
1517 -1
1517 -1
1517 -1
1517 -1
1517 -1
1517 -1
1517 -1
1517 -1
1517 -1
1517 -1
1517 -1
1517 -1
1517 -1
1517 -1
1517 -1
1517 -1
1517 -1
1517 -1
1517 -1
1517 -1
1517 -1
1517 -1
1517 -1
1517 -1
1517 -1
1517 -1
1517 -1
1517 -1
1517 -1
1517 -1
1517 -1
1517 -1
1517 -1
1517 -1
1517 -1
1517 -1
1517 -1
1517 -1
1517 -1
1517 -1
1517 -1
1517 -1
1517 -1
1517 -1
1517 -1
1517 -1
1517 -1
1517 -1
1517 -1
1517 -1
1517 -1
1517 -1
1517 -1
1517 -1
1517 -1
1517 -1
1517 -1
1517 -1
1517 -1
1517 -1
1517 -1
1517 -1
1517 -1
1517 -1
1517 -1
1517 -1
1517 -1
1517 -1
1517 -1
1517 -1
1517 -1
1519 -1
1519 -1
1519 -1
1519 -1
1519 -1
1519 -1
1519 -1
1519 -1
1519 -1
1519 -1
1519 -1
1519 -1
1519 -1
1519 -1
1519 -1
1519 -1
1519 -1
1519 -1
1519 -1
1519 -1
1519 -1
1519 -1
1519 -1
1519 -1
1519 -1
1519 -1
1519 -1
1519 -1
1519 -1
1519 -1
1519 -1
1519 -1
1519 -1
1519 -1
1519 -1
1519 -1
1519 -1
1519 -1
1519 -1
1519 -1
1519 -1
1519 -1
1519 -1
1519 -1
1519 -1
1519 -1
1519 -1
1519 -1
1519 -1
1519 -1
1519 -1
1519 -1
1519 -1
1519 -1
1519 -1
1519 -1
1519 -1
1519 -1
1519 -1
1519 -1
1519 -1
1519 -1
1519 -1
1519 -1
1519 -1
1519 -1
1519 -1
1519 -1
1519 -1
1519 -1
1519 -1
1519 -1
1519 -1
1519 -1
1519 -1
1519 -1
1519 -1
1519 -1
1519 -1
1519 -1
1519 -1
1519 -1
1519 -1
1519 -1
1519 -1
1519 -1
1519 -1
1519 -1
1519 -1
1519 -1
1519 -1
1519 -1
1519 -1
1519 -1
1519 -1
1519 -1
1519 -1
1519 -1
1519 -1
1519 -1
1519 -1
1519 -1
1519 -1
1519 -1
1519 -1
1519 -1
1519 -1
1519 -1
1519 -1
1519 -1
1519 -1
1519 -1
1519 -1
1519 -1
1519 -1
1519 -1
1519 -1
1519 -1
1519 -1
1519 -1
1519 -1
1519 -1
1519 -1
1519 -1
1519 -1
1519 -1
1519 -1
1519 -1
1519 -1
1519 -1
1519 -1
1519 -1
1519 -1
1519 -1
1519 -1
1519 -1
1519 -1
1519 -1
1519 -1
1519 -1
1519 -1
1519 -1
1519 -1
1519 -1
1519 -1
1519 -1
1519 -1
1519 -1
1519 -1
1519 -1
1519 -1
1519 -1
1519 -1
1519 -1
1519 -1
1519 -1
1519 -1
1519 -1
1519 -1
1519 -1
1519 -1
1519 -1
1519 -1
1519 -1
1519 -1
1519 -1
1519 -1
1519 -1
1519 -1
1519 -1
1519 -1
1519 -1
1519 -1
1519 -1
1519 -1
1519 -1
1519 -1
1519 -1
1519 -1
1519 -1
1519 -1
1519 -1
1519 -1
1519 -1
1519 -1
1519 -1
1519 -1
1519 -1
1519 -1
1519 -1
1519 -1
1519 -1
1519 -1
1519 -1
1519 -1
1519 -1
1519 -1
1519 -1
1519 -1
1519 -1
1520 -1
1520 -1
1520 -1
1520 -1
1520 -1
1521 -1
1521 -1
1521 -1
1521 -1
1521 -1
1521 -1
1521 -1
1521 -1
1521 -1
1521 -1
1521 -1
1521 -1
1521 -1
1521 -1
1521 -1
1521 -1
1521 -1
1521 -1
1521 -1
1521 -1
1521 -1
1521 -1
1521 -1
1521 -1
1521 -1
1521 -1
1521 -1
1521 -1
1521 -1
1521 -1
1521 -1
1521 -1
1521 -1
1521 -1
1521 -1
1521 -1
1522 -1
1522 -1
1522 -1
1522 -1
1522 -1
1522 -1
1522 -1
1522 -1
1522 -1
1522 -1
1522 -1
1522 -1
1522 -1
1522 -1
1522 -1
1522 -1
1522 -1
1522 -1
1522 -1
1522 -1
1522 -1
1522 -1
1522 -1
1522 -1
1522 -1
1522 -1
1522 -1
1522 -1
1522 -1
1522 -1
1522 -1
1522 -1
1522 -1
1522 -1
1522 -1
1522 -1
1522 -1
1522 -1
1522 -1
1522 -1
1522 -1
1522 -1
1522 -1
1522 -1
1522 -1
1522 -1
1522 -1
1522 -1
1522 -1
1524 -1
1524 -1
1524 -1
1524 -1
1524 -1
1524 -1
1524 -1
1524 -1
1524 -1
1524 -1
1524 -1
1524 -1
1524 -1
1524 -1
1524 -1
1524 -1
1524 -1
1524 -1
1524 -1
1524 -1
1524 -1
1524 -1
1524 -1
1524 -1
1524 -1
1524 -1
1524 -1
1524 -1
1524 -1
1524 -1
1524 -1
1524 -1
1524 -1
1524 -1
1524 -1
1524 -1
1524 -1
1524 -1
1524 -1
1524 -1
1524 -1
1524 -1
1524 -1
1524 -1
1524 -1
1524 -1
1524 -1
1524 -1
1524 -1
1524 -1
1524 -1
1524 -1
1524 -1
1524 -1
1524 -1
1524 -1
1524 -1
1524 -1
1524 -1
1524 -1
1524 -1
1524 -1
1524 -1
1524 -1
1524 -1
1525 -1
1525 -1
1525 -1
1525 -1
1525 -1
1525 -1
1525 -1
1525 -1
1525 -1
1525 -1
1525 -1
1525 -1
1525 -1
1525 -1
1525 -1
1525 -1
1525 -1
1525 -1
1525 -1
1525 -1
1525 -1
1525 -1
1525 -1
1525 -1
1525 -1
1525 -1
1525 -1
1525 -1
1525 -1
1525 -1
1525 -1
1525 -1
1525 -1
1525 -1
1525 -1
1525 -1
1525 -1
1525 -1
1525 -1
1525 -1
1525 -1
1525 -1
1525 -1
1525 -1
1527 -1
1527 -1
1527 -1
1527 -1
1527 -1
1527 -1
1527 -1
1527 -1
1527 -1
1527 -1
1527 -1
1527 -1
1527 -1
1527 -1
1527 -1
1527 -1
1527 -1
1527 -1
1527 -1
1527 -1
1527 -1
1527 -1
1527 -1
1527 -1
1527 -1
1527 -1
1527 -1
1527 -1
1527 -1
1527 -1
1527 -1
1527 -1
1527 -1
1527 -1
1527 -1
1527 -1
1527 -1
1527 -1
1527 -1
1527 -1
1527 -1
1527 -1
1527 -1
1527 -1
1527 -1
1527 -1
1527 -1
1527 -1
1527 -1
1527 -1
1527 -1
1527 -1
1527 -1
1527 -1
1527 -1
1527 -1
1527 -1
1527 -1
1527 -1
1527 -1
1527 -1
1527 -1
1527 -1
1527 -1
1527 -1
1527 -1
1527 -1
1527 -1
1527 -1
1527 -1
1527 -1
1527 -1
1527 -1
1527 -1
1527 -1
1527 -1
1527 -1
1527 -1
1527 -1
1527 -1
1527 -1
1527 -1
1527 -1
1527 -1
1527 -1
1527 -1
1527 -1
1527 -1
1527 -1
1527 -1
1527 -1
1527 -1
1527 -1
1527 -1
1527 -1
1527 -1
1527 -1
1527 -1
1527 -1
1527 -1
1527 -1
1527 -1
1527 -1
1527 -1
1527 -1
1527 -1
1527 -1
1527 -1
1527 -1
1527 -1
1527 -1
1527 -1
1527 -1
1527 -1
1527 -1
1527 -1
1527 -1
1527 -1
1527 -1
1527 -1
1527 -1
1527 -1
1527 -1
1527 -1
1527 -1
1527 -1
1527 -1
1527 -1
1527 -1
1527 -1
1527 -1
1527 -1
1527 -1
1527 -1
1527 -1
1527 -1
1527 -1
1527 -1
1527 -1
1527 -1
1527 -1
1527 -1
1527 -1
1527 -1
1527 -1
1527 -1
1527 -1
1527 -1
1527 -1
1527 -1
1527 -1
1527 -1
1527 -1
1527 -1
1527 -1
1527 -1
1527 -1
1527 -1
1527 -1
1527 -1
1527 -1
1527 -1
1527 -1
1527 -1
1527 -1
1527 -1
1527 -1
1527 -1
1527 -1
1527 -1
1527 -1
1527 -1
1527 -1
1527 -1
1527 -1
1527 -1
1527 -1
1527 -1
1527 -1
1527 -1
1527 -1
1527 -1
1527 -1
1527 -1
1527 -1
1527 -1
1527 -1
1527 -1
1527 -1
1527 -1
1527 -1
1527 -1
1527 -1
1527 -1
1527 -1
1527 -1
1527 -1
1527 -1
1527 -1
1527 -1
1527 -1
1527 -1
1527 -1
1527 -1
1527 -1
1527 -1
1527 -1
1527 -1
1527 -1
1527 -1
1527 -1
1527 -1
1527 -1
1527 -1
1527 -1
1528 -1
1528 -1
1528 -1
1528 -1
1528 -1
1528 -1
1528 -1
1528 -1
1528 -1
1528 -1
1528 -1
1528 -1
1528 -1
1528 -1
1528 -1
1528 -1
1528 -1
1528 -1
1528 -1
1528 -1
1528 -1
1528 -1
1528 -1
1528 -1
1528 -1
1528 -1
1528 -1
1528 -1
1528 -1
1528 -1
1528 -1
1528 -1
1528 -1
1528 -1
1528 -1
1528 -1
1528 -1
1528 -1
1528 -1
1528 -1
1528 -1
1528 -1
1528 -1
1528 -1
1528 -1
1528 -1
1528 -1
1528 -1
1528 -1
1528 -1
1528 -1
1528 -1
1528 -1
1528 -1
1528 -1
1528 -1
1528 -1
1528 -1
1528 -1
1528 -1
1528 -1
1528 -1
1528 -1
1528 -1
1528 -1
1528 -1
1530 -1
1530 -1
1530 -1
1530 -1
1531 -1
1531 -1
1531 -1
1531 -1
1531 -1
1531 -1
1531 -1
1531 -1
1531 -1
1531 -1
1531 -1
1531 -1
1531 -1
1531 -1
1531 -1
1531 -1
1531 -1
1531 -1
1531 -1
1531 -1
1531 -1
1531 -1
1531 -1
1531 -1
1531 -1
1531 -1
1531 -1
1531 -1
1531 -1
1531 -1
1531 -1
1531 -1
1531 -1
1531 -1
1531 -1
1531 -1
1531 -1
1531 -1
1531 -1
1531 -1
1531 -1
1531 -1
1531 -1
1531 -1
1531 -1
1531 -1
1531 -1
1531 -1
1531 -1
1531 -1
1531 -1
1531 -1
1531 -1
1531 -1
1531 -1
1531 -1
1531 -1
1531 -1
1531 -1
1531 -1
1531 -1
1531 -1
1531 -1
1531 -1
1531 -1
1531 -1
1531 -1
1531 -1
1531 -1
1531 -1
1531 -1
1531 -1
1531 -1
1531 -1
1531 -1
1531 -1
1531 -1
1531 -1
1531 -1
1531 -1
1531 -1
1531 -1
1531 -1
1531 -1
1531 -1
1531 -1
1531 -1
1531 -1
1531 -1
1531 -1
1531 -1
1531 -1
1531 -1
1531 -1
1531 -1
1531 -1
1531 -1
1531 -1
1531 -1
1531 -1
1531 -1
1531 -1
1531 -1
1531 -1
1531 -1
1531 -1
1531 -1
1531 -1
1531 -1
1531 -1
1531 -1
1531 -1
1531 -1
1531 -1
1531 -1
1531 -1
1531 -1
1531 -1
1531 -1
1531 -1
1531 -1
1531 -1
1531 -1
1531 -1
1531 -1
1531 -1
1531 -1
1531 -1
1531 -1
1531 -1
1531 -1
1531 -1
1531 -1
1531 -1
1531 -1
1531 -1
1531 -1
1531 -1
1531 -1
1531 -1
1531 -1
1531 -1
1531 -1
1531 -1
1531 -1
1531 -1
1531 -1
1531 -1
1531 -1
1531 -1
1531 -1
1531 -1
1531 -1
1531 -1
1531 -1
1531 -1
1531 -1
1531 -1
1531 -1
1531 -1
1531 -1
1531 -1
1531 -1
1531 -1
1531 -1
1531 -1
1531 -1
1531 -1
1531 -1
1531 -1
1531 -1
1531 -1
1531 -1
1531 -1
1531 -1
1531 -1
1531 -1
1531 -1
1531 -1
1531 -1
1531 -1
1531 -1
1531 -1
1531 -1
1531 -1
1531 -1
1531 -1
1531 -1
1531 -1
1531 -1
1531 -1
1531 -1
1531 -1
1531 -1
1531 -1
1531 -1
1531 -1
1531 -1
1531 -1
1531 -1
1531 -1
1531 -1
1531 -1
1531 -1
1531 -1
1531 -1
1531 -1
1531 -1
1531 -1
1531 -1
1531 -1
1531 -1
1531 -1
1531 -1
1531 -1
1531 -1
1531 -1
1531 -1
1531 -1
1531 -1
1532 -1
1532 -1
1532 -1
1532 -1
1532 -1
1532 -1
1532 -1
1532 -1
1532 -1
1532 -1
1532 -1
1532 -1
1532 -1
1532 -1
1532 -1
1532 -1
1532 -1
1532 -1
1532 -1
1532 -1
1532 -1
1532 -1
1532 -1
1532 -1
1532 -1
1532 -1
1532 -1
1532 -1
1532 -1
1532 -1
1533 -1
1533 -1
1533 -1
1533 -1
1534 -1
1534 -1
1534 -1
1534 -1
1534 -1
1534 -1
1534 -1
1534 -1
1534 -1
1534 -1
1534 -1
1534 -1
1534 -1
1534 -1
1534 -1
1534 -1
1534 -1
1534 -1
1534 -1
1534 -1
1534 -1
1534 -1
1534 -1
1534 -1
1534 -1
1534 -1
1534 -1
1534 -1
1534 -1
1534 -1
1534 -1
1534 -1
1534 -1
1534 -1
1534 -1
1534 -1
1534 -1
1534 -1
1534 -1
1534 -1
1534 -1
1534 -1
1534 -1
1534 -1
1534 -1
1534 -1
1534 -1
1534 -1
1534 -1
1534 -1
1534 -1
1534 -1
1534 -1
1534 -1
1534 -1
1534 -1
1534 -1
1534 -1
1534 -1
1534 -1
1534 -1
1534 -1
1534 -1
1534 -1
1534 -1
1534 -1
1534 -1
1534 -1
1534 -1
1534 -1
1534 -1
1534 -1
1534 -1
1534 -1
1534 -1
1534 -1
1534 -1
1534 -1
1534 -1
1534 -1
1534 -1
1534 -1
1534 -1
1534 -1
1534 -1
1534 -1
1534 -1
1534 -1
1534 -1
1534 -1
1534 -1
1534 -1
1534 -1
1534 -1
1534 -1
1534 -1
1534 -1
1534 -1
1534 -1
1534 -1
1534 -1
1534 -1
1534 -1
1534 -1
1534 -1
1534 -1
1534 -1
1534 -1
1534 -1
1534 -1
1534 -1
1534 -1
1534 -1
1534 -1
1534 -1
1534 -1
1534 -1
1534 -1
1534 -1
1534 -1
1534 -1
1534 -1
1534 -1
1534 -1
1534 -1
1534 -1
1534 -1
1534 -1
1534 -1
