959 962
969 1011
959 1016
996 1027
932 1055
932 1063
828 1091
968 1097
1011 1108
1092 1108
1063 1109
1092 1110
932 1110
880 1112
1058 1112
1026 1112
1017 1112
1097 1112
1017 1112
1115 1120
1027 1120
1063 1120
1063 1120
1115 1120
1115 1120
1063 1120
860 1120
1040 1120
1110 1120
986 1120
1063 1120
1110 1120
1027 1120
914 1120
1115 1120
1115 1120
989 1120
1040 1120
914 1120
1094 1120
921 1120
1110 1120
1040 1120
894 1120
986 1120
1019 1120
921 1120
845 1120
868 1120
1110 1120
868 1125
943 1125
845 1125
943 1125
943 1125
806 1125
1072 1135
1041 1135
1072 1135
1128 1140
1128 1140
1094 1142
1046 1142
1024 1146
1024 1154
1034 1155
1149 1155
1034 1155
1034 1155
1026 1155
1034 1155
1034 1155
1144 1155
1034 1155
1058 1155
1092 1157
1092 1157
1019 1159
900 1159
1015 1159
1129 1159
945 1159
975 1159
965 1159
1094 1159
1142 1159
969 1162
1018 1162
1109 1162
881 1162
1045 1162
1064 1162
1011 1162
1109 1162
1112 1162
1069 1162
828 1162
1035 1162
1069 1162
1011 1162
1154 1170
805 1177
943 1177
806 1177
860 1177
1146 1177
1092 1177
1066 1177
1115 1177
932 1177
914 1179
1097 1179
1019 1179
844 1179
1040 1179
1114 1179
868 1179
1167 1179
1126 1179
1046 1179
1043 1199
1199 1200
1033 1200
1188 1200
1048 1200
1108 1200
1142 1204
1163 1205
1090 1205
1102 1205
1189 1205
1102 1205
1017 1205
984 1205
1069 1205
969 1205
988 1205
1124 1205
1156 1205
880 1205
1050 1207
1174 1207
989 1207
1094 1207
1050 1207
1050 1207
983 1207
1152 1207
1050 1207
983 1207
1015 1207
1204 1207
1019 1207
983 1207
1175 1207
983 1207
945 1207
1152 1207
900 1207
900 1207
1204 1207
1050 1207
1021 1207
983 1207
1050 1207
968 1207
1050 1207
828 1207
900 1207
1174 1207
1172 1211
1172 1211
1146 1215
1043 1215
1145 1215
1182 1215
1020 1215
1039 1215
1171 1215
1146 1215
1020 1215
1155 1216
786 1216
1135 1217
1072 1217
1071 1217
1166 1217
1089 1219
1102 1219
1089 1219
824 1219
845 1219
805 1219
1083 1219
1106 1219
1171 1219
1045 1219
1045 1219
824 1219
1147 1219
1147 1219
886 1219
806 1219
1168 1219
1190 1219
1191 1219
868 1219
1128 1219
950 1219
660 1219
952 1219
762 1219
874 1219
1089 1219
796 1219
921 1219
1168 1219
1190 1219
1168 1219
1190 1219
725 1219
1147 1219
982 1221
1066 1221
1164 1221
990 1221
1066 1221
1164 1221
1181 1221
1034 1221
1066 1221
1034 1221
1162 1223
1126 1223
1116 1223
996 1223
1195 1223
1114 1223
1213 1223
1044 1223
1060 1223
1189 1223
996 1223
1183 1223
1195 1223
1189 1223
1044 1223
1018 1225
1167 1225
1144 1231
1164 1231
1225 1231
1058 1231
1026 1231
1102 1231
1225 1231
1097 1231
1225 1231
1228 1231
1149 1231
1066 1231
1225 1231
1176 1231
1146 1231
1176 1231
1003 1231
1176 1231
1225 1231
1225 1231
1114 1233
1161 1233
1232 1233
1156 1233
1183 1233
1161 1233
1161 1233
1156 1233
1228 1233
1126 1233
1161 1233
1234 1235
1234 1235
1202 1235
1066 1235
1143 1235
1101 1235
1066 1235
858 1235
1066 1235
1234 1235
1217 1235
1234 1235
1071 1235
988 1235
986 1236
1108 1236
1048 1236
986 1236
986 1236
986 1236
1021 1236
1094 1236
1073 1236
1019 1236
986 1236
1175 1236
914 1236
1220 1237
837 1237
1009 1237
1173 1237
1212 1237
1102 1237
796 1237
1171 1237
837 1237
1069 1237
1229 1237
1176 1237
800 1237
1223 1239
1233 1239
1202 1246
1212 1247
1112 1247
1167 1247
988 1247
894 1247
1167 1247
1114 1247
1167 1247
805 1247
1114 1247
1167 1247
1114 1247
1024 1247
925 1247
1167 1247
1167 1247
1114 1247
795 1247
1114 1247
795 1247
1245 1247
1167 1247
1240 1247
1170 1247
1011 1247
795 1247
1167 1247
1167 1247
925 1247
1114 1247
1243 1247
1162 1250
1085 1250
1109 1250
1034 1250
1213 1250
1213 1250
1143 1250
959 1250
952 1250
1213 1250
1202 1250
1213 1250
1059 1250
1214 1250
1162 1250
1143 1250
1050 1250
1019 1250
964 1250
1213 1250
1200 1250
1148 1250
965 1250
1148 1250
1217 1250
1217 1250
1050 1250
1136 1250
1019 1250
1188 1251
1020 1251
1150 1251
1024 1251
1150 1251
1188 1251
1142 1252
1128 1254
1044 1255
1152 1255
1057 1255
1245 1255
975 1255
1127 1255
988 1255
1195 1255
896 1255
1179 1255
1152 1255
1152 1255
1245 1255
1204 1255
1195 1255
1204 1255
1135 1255
996 1255
1059 1255
1044 1255
1057 1255
1072 1255
1174 1255
1059 1255
844 1255
996 1255
1061 1255
1156 1255
1233 1255
1072 1255
1233 1255
844 1255
1233 1255
1245 1255
964 1255
1245 1255
1195 1255
996 1255
1044 1255
1245 1255
917 1255
1057 1255
1049 1255
1133 1255
1245 1255
842 1255
1040 1255
1127 1255
1198 1255
1061 1255
964 1255
914 1255
1233 1255
1021 1255
1061 1255
1061 1255
1245 1255
1127 1255
1127 1255
988 1255
868 1255
965 1255
1245 1255
1061 1255
1233 1255
1195 1255
1057 1255
1110 1256
1015 1256
988 1257
1155 1257
1231 1257
975 1257
1156 1258
1043 1258
1150 1258
1006 1259
925 1259
881 1259
1006 1259
1143 1260
945 1260
1150 1262
1115 1265
952 1265
988 1265
1050 1265
950 1265
989 1265
1048 1265
1216 1265
950 1265
952 1265
950 1265
1108 1265
983 1265
914 1265
1257 1265
1256 1265
1091 1265
1040 1265
795 1265
1239 1265
952 1265
1150 1266
1188 1266
1154 1266
1033 1266
1199 1266
1091 1266
1150 1267
1239 1267
1222 1267
1203 1267
1131 1267
1203 1267
1203 1267
1133 1268
1072 1268
828 1268
1250 1268
780 1268
1128 1268
1017 1268
1072 1268
969 1268
1092 1268
789 1268
845 1268
1019 1268
1217 1268
1092 1268
1072 1268
780 1268
806 1268
850 1268
1097 1268
1250 1268
1191 1268
880 1268
1090 1268
762 1268
1003 1268
1072 1268
952 1270
1134 1271
1123 1271
1048 1271
1244 1271
1115 1271
1187 1271
982 1271
1179 1271
1179 1271
1179 1271
1209 1271
1033 1271
828 1271
852 1271
1156 1273
1272 1273
1133 1273
1134 1273
1270 1273
1134 1273
1134 1273
950 1273
1134 1273
1203 1273
1203 1273
1134 1273
923 1275
1182 1275
923 1275
923 1275
1128 1275
1171 1275
923 1275
1009 1277
1156 1277
1069 1277
1097 1277
719 1277
1233 1277
1020 1277
1260 1277
1144 1277
1164 1277
1238 1277
1234 1277
1156 1277
1078 1278
1150 1278
1078 1278
1150 1278
1253 1278
1069 1278
988 1278
1150 1278
969 1278
880 1278
1050 1278
1229 1279
999 1279
1229 1279
1146 1279
1092 1279
1229 1279
999 1279
963 1279
1150 1279
999 1279
1239 1279
963 1279
943 1279
1134 1280
1053 1280
1271 1280
931 1280
1000 1280
1141 1281
1260 1281
1141 1281
1050 1282
1248 1285
1276 1285
1042 1285
918 1285
1248 1285
987 1285
1281 1285
1214 1285
1267 1285
1272 1285
1198 1286
1198 1286
865 1286
1146 1286
1092 1286
1193 1286
1193 1286
1238 1286
914 1287
952 1287
1040 1287
880 1287
1262 1287
1112 1287
1262 1287
1112 1287
896 1289
1071 1289
896 1289
1263 1289
1263 1289
882 1289
1263 1289
1060 1289
1263 1289
936 1289
1071 1289
1267 1289
1263 1289
1263 1289
1123 1289
1263 1289
1101 1289
1244 1289
1187 1289
970 1290
1181 1290
970 1290
1072 1290
1283 1290
1181 1290
1181 1290
1132 1291
1173 1291
1025 1291
1114 1291
1249 1291
1131 1291
1045 1291
1224 1291
1163 1291
1203 1291
999 1291
1115 1291
1224 1291
1163 1291
1162 1291
792 1291
1097 1291
1102 1291
1022 1291
874 1291
790 1291
1005 1291
1025 1291
1025 1291
1027 1291
1171 1291
1069 1291
1132 1291
825 1291
1131 1291
1005 1291
1025 1291
1224 1291
1163 1291
1005 1291
1208 1291
1186 1291
1229 1291
1131 1291
1247 1291
1212 1291
1093 1291
1022 1291
1093 1291
962 1291
966 1291
1005 1291
805 1291
1005 1291
1176 1291
1115 1291
800 1291
1224 1291
1163 1291
874 1291
1005 1291
1005 1291
1025 1291
1053 1291
1005 1291
1220 1291
1115 1291
824 1291
1115 1291
1183 1296
1023 1296
1183 1296
1151 1296
894 1296
972 1296
1023 1296
972 1296
1151 1296
938 1296
792 1297
943 1297
824 1297
1027 1297
1220 1297
805 1297
1173 1297
1249 1297
1100 1297
1141 1297
1022 1297
1093 1297
796 1297
1036 1297
1102 1297
984 1297
1171 1297
825 1297
1208 1297
902 1297
1116 1297
999 1297
978 1297
943 1297
800 1297
1176 1297
725 1297
1186 1298
1146 1298
1146 1298
1043 1298
1043 1298
1116 1298
1172 1298
1146 1298
1043 1298
1111 1298
1245 1298
1245 1298
1215 1298
1179 1298
1043 1298
964 1298
1208 1298
886 1298
1141 1298
1172 1298
1111 1298
1061 1298
1164 1299
1082 1299
1159 1300
1133 1301
1014 1304
982 1304
1004 1304
1088 1304
864 1304
1059 1304
966 1304
1270 1304
1270 1304
911 1304
864 1304
1088 1304
990 1304
982 1304
944 1304
1142 1304
1214 1304
1072 1304
1270 1304
1179 1305
1164 1305
1164 1305
1164 1305
1144 1305
1164 1305
1072 1307
1121 1307
1293 1307
1020 1307
1203 1307
1252 1307
1203 1307
1116 1307
1056 1307
1019 1307
1188 1308
1292 1308
1136 1308
1303 1308
1216 1308
1199 1308
1257 1308
1165 1308
1160 1309
1178 1309
1274 1309
1173 1310
1214 1310
1036 1310
1272 1310
1173 1310
1134 1310
1276 1310
1124 1310
1016 1311
1144 1311
1085 1311
1050 1311
1301 1311
1301 1311
1143 1311
1016 1311
1264 1311
1281 1311
1301 1311
1117 1311
1301 1311
1142 1311
1144 1311
1067 1311
1301 1311
906 1311
1153 1312
1153 1312
1222 1312
1222 1312
1222 1312
1222 1312
1201 1312
1157 1312
1153 1312
1153 1312
1226 1312
1222 1312
1222 1312
966 1312
1222 1312
886 1312
1222 1312
1097 1312
1222 1312
1161 1312
1222 1312
1222 1312
1153 1312
1153 1312
1222 1312
1222 1312
1222 1312
1299 1313
1143 1313
1050 1313
1136 1315
1303 1315
1108 1315
1165 1315
1214 1315
1278 1315
1282 1315
1154 1315
1205 1315
1173 1315
983 1319
983 1319
1263 1319
1298 1319
1159 1319
1209 1319
1254 1322
1314 1322
853 1322
911 1322
1314 1322
1274 1322
1013 1322
877 1323
817 1323
896 1323
988 1323
1076 1323
885 1323
1260 1323
604 1323
828 1323
1049 1323
1002 1323
1179 1323
867 1323
1313 1323
1015 1323
1076 1323
1215 1323
988 1323
828 1323
1049 1323
1104 1323
964 1324
1042 1324
1130 1324
1101 1324
950 1324
1082 1324
1312 1324
918 1324
1046 1324
1312 1324
1101 1324
1050 1324
1059 1324
1206 1324
868 1325
911 1325
1039 1325
1160 1325
923 1325
1182 1325
1110 1325
1182 1325
1279 1325
1063 1325
1039 1325
1140 1325
1177 1325
1045 1327
1134 1327
1254 1328
900 1328
936 1328
1161 1328
1290 1328
1153 1328
1183 1328
1183 1328
1142 1328
1321 1328
1183 1328
1059 1328
1183 1328
1145 1328
1143 1328
936 1328
1201 1328
1183 1328
1183 1328
1299 1328
977 1328
1000 1329
1143 1329
900 1329
1209 1329
1209 1329
1178 1329
1299 1329
1209 1329
1085 1329
1209 1329
1145 1329
1290 1329
1264 1329
894 1330
1042 1330
1123 1330
1085 1330
1244 1330
1187 1330
1085 1330
1143 1330
1166 1330
1143 1330
1085 1330
1060 1330
1085 1330
1085 1330
994 1331
978 1331
1168 1331
1022 1331
1022 1331
1239 1331
994 1331
943 1331
1329 1331
1224 1331
1092 1331
881 1332
1288 1332
1040 1332
969 1332
1170 1332
1011 1332
1170 1332
1011 1332
914 1332
1114 1333
998 1333
1292 1333
1145 1333
998 1333
1096 1333
1167 1333
1304 1333
1241 1333
1282 1333
1310 1333
1096 1333
1145 1333
1248 1334
1052 1334
987 1334
983 1338
894 1338
1123 1338
900 1338
1244 1338
1187 1338
1290 1338
918 1338
1060 1338
1285 1339
1066 1339
1286 1339
1273 1339
1198 1339
1167 1339
1286 1339
1234 1339
1286 1339
1310 1339
845 1341
1304 1341
1191 1341
806 1341
1109 1341
804 1341
1273 1341
1310 1341
1069 1341
804 1341
1309 1341
886 1341
1340 1342
843 1342
970 1342
1161 1342
1274 1342
1235 1342
1037 1342
970 1342
1320 1342
864 1342
1321 1342
938 1342
1070 1342
1201 1342
952 1342
955 1342
1131 1342
1178 1342
1335 1342
968 1343
1099 1343
1264 1343
1192 1343
1192 1343
1299 1343
1299 1343
1264 1343
1119 1343
996 1343
1094 1343
1299 1343
1299 1343
1299 1343
1099 1343
1264 1343
1202 1343
1264 1343
1044 1343
1057 1343
930 1343
1264 1343
971 1343
1119 1343
1299 1343
1264 1343
1264 1343
1264 1343
1195 1343
930 1343
1242 1344
996 1344
1007 1344
1094 1344
1143 1344
1143 1344
1049 1344
1085 1344
1085 1344
1113 1344
968 1344
1044 1344
1242 1344
1113 1344
1057 1344
1085 1344
856 1344
1007 1344
1242 1344
1143 1344
1085 1344
1085 1344
1195 1344
840 1344
743 1344
997 1344
1113 1344
1143 1344
1143 1344
1085 1344
1242 1344
983 1347
1050 1347
1098 1347
1258 1347
1073 1347
1028 1347
1286 1347
1177 1347
981 1347
1233 1347
1104 1347
1028 1347
1170 1347
1138 1347
1098 1347
1254 1347
1104 1347
1266 1347
1262 1347
1104 1347
1145 1347
1290 1347
1073 1347
1073 1347
1138 1347
1143 1347
1232 1350
1024 1350
786 1350
1288 1350
786 1350
1288 1350
1232 1350
1258 1350
1288 1350
1286 1350
1232 1350
1232 1350
1288 1350
1045 1350
1022 1350
1093 1350
896 1350
1240 1350
1000 1350
1302 1350
1306 1350
1288 1350
1288 1350
1025 1350
1254 1350
914 1350
1232 1350
1145 1350
1243 1350
820 1350
817 1350
1186 1350
999 1350
1232 1350
1288 1350
1232 1350
1232 1350
914 1350
1232 1350
1288 1350
1019 1351
938 1351
1171 1351
1335 1351
955 1351
1335 1351
1023 1351
1335 1351
1336 1351
1320 1351
1183 1351
1201 1351
1321 1351
954 1351
972 1351
1320 1351
955 1351
1335 1351
972 1351
1151 1351
1336 1351
1321 1351
1336 1351
938 1351
1183 1351
925 1351
1023 1351
1151 1351
1336 1351
1210 1351
1307 1351
1161 1351
1335 1351
1078 1351
1201 1351
950 1351
1320 1351
1201 1351
1321 1351
1320 1351
1336 1351
1023 1351
1320 1351
1321 1351
1161 1351
1336 1351
1023 1351
1321 1351
1336 1351
1151 1351
989 1351
892 1351
1335 1351
1320 1351
1321 1351
1094 1351
1335 1351
1336 1351
1201 1351
954 1351
1151 1351
1201 1351
1201 1351
1296 1351
1151 1351
871 1351
955 1351
954 1351
1320 1351
955 1351
1321 1351
1023 1351
1201 1351
1336 1351
972 1351
1209 1351
1267 1352
1144 1354
739 1354
1334 1354
1173 1354
1092 1354
762 1354
804 1354
1097 1354
782 1354
1238 1354
974 1354
1311 1354
1329 1354
964 1355
937 1355
1060 1355
937 1355
1059 1355
1123 1355
1142 1355
1244 1355
1187 1355
1142 1355
1104 1355
1002 1357
1353 1357
1186 1357
1354 1357
1045 1357
1040 1357
1353 1357
1353 1357
1353 1357
975 1357
1040 1357
1353 1357
1353 1357
1002 1357
1024 1357
975 1357
1353 1357
1258 1357
1286 1357
1353 1357
1353 1357
1040 1357
1093 1357
1002 1357
1000 1357
1353 1357
1040 1357
1254 1357
1040 1357
1353 1357
1145 1357
1353 1357
1002 1357
802 1358
1173 1358
1303 1358
1216 1358
860 1358
1257 1358
1146 1358
1165 1358
1091 1358
1173 1358
1322 1358
1238 1360
1234 1360
1345 1360
947 1360
1238 1360
1234 1360
1142 1360
1337 1360
1146 1363
957 1363
1131 1363
1093 1363
1253 1363
1025 1363
926 1363
1097 1363
1320 1363
1229 1365
1097 1365
1337 1365
1311 1365
907 1365
1229 1365
963 1365
1337 1365
1229 1365
1020 1365
1337 1365
963 1365
1072 1365
1164 1365
945 1366
1110 1366
1279 1366
1178 1366
1063 1366
868 1366
1145 1366
1177 1366
1331 1366
1254 1367
1253 1367
1266 1367
1262 1367
1274 1367
827 1367
1141 1367
921 1367
1170 1367
827 1367
1024 1367
1039 1367
1254 1367
1220 1367
827 1367
1266 1367
1262 1367
800 1367
1160 1367
945 1367
1258 1367
1083 1367
1199 1367
1106 1367
1220 1367
825 1367
1274 1367
1170 1367
1068 1367
827 1367
1024 1367
946 1367
1258 1367
1061 1368
1093 1368
1132 1368
1206 1368
1234 1368
1164 1368
1132 1368
982 1368
1240 1368
1302 1368
1306 1368
962 1368
920 1368
912 1368
995 1368
1065 1368
1234 1368
1025 1368
1224 1368
1163 1368
1243 1368
1105 1368
1053 1368
1035 1368
1186 1368
1163 1368
1074 1368
881 1368
1105 1368
1009 1368
1363 1368
1164 1368
943 1368
1212 1368
970 1368
1100 1368
957 1368
1224 1368
984 1368
1163 1368
1224 1368
1363 1368
1164 1368
1284 1368
970 1368
933 1368
1008 1368
1046 1368
1234 1368
796 1368
1066 1368
943 1368
974 1368
1363 1368
1004 1368
1234 1368
881 1368
1128 1368
984 1368
1158 1368
952 1368
1164 1368
837 1368
1066 1368
1128 1368
1363 1368
880 1368
1342 1368
1043 1368
1107 1370
1281 1371
1339 1374
1193 1374
1353 1375
863 1375
606 1375
778 1375
1307 1375
1114 1375
1138 1375
1080 1375
718 1375
1281 1375
900 1375
878 1375
840 1375
909 1375
1241 1375
743 1375
1005 1375
1347 1375
1033 1375
1281 1375
878 1375
1281 1375
1098 1375
1141 1375
922 1375
1097 1375
1292 1375
1232 1375
1267 1375
1281 1375
1267 1375
1064 1376
1126 1378
938 1378
1126 1378
1176 1378
844 1378
1094 1378
1126 1378
1258 1378
1126 1378
1201 1378
1094 1378
1126 1378
1296 1378
1220 1378
955 1378
1274 1378
1178 1378
1365 1378
1240 1378
1170 1378
1302 1378
1335 1378
1011 1378
1024 1378
1231 1378
1254 1378
1266 1378
1262 1378
1145 1378
1243 1378
1112 1378
1340 1378
1126 1378
1141 1378
1354 1378
1161 1378
1126 1378
1334 1378
1230 1378
1212 1378
1320 1378
1321 1378
994 1379
1345 1379
1072 1379
1097 1379
1164 1379
1020 1379
1345 1379
994 1379
1345 1379
1311 1379
985 1379
977 1380
780 1380
964 1380
989 1380
1286 1380
765 1380
1155 1380
896 1380
820 1380
1052 1382
1214 1382
1056 1385
990 1385
1092 1385
1144 1385
1238 1385
845 1385
1018 1385
762 1385
1168 1386
1190 1386
1178 1386
1089 1386
1340 1386
1334 1386
1107 1386
1147 1386
1037 1386
1230 1386
1176 1386
1214 1386
1070 1386
1131 1386
1249 1386
1341 1388
1340 1389
1340 1389
1070 1389
1037 1389
1151 1389
1151 1389
1173 1389
1340 1389
1037 1389
1327 1389
954 1389
1151 1389
1037 1389
1102 1389
1070 1389
1153 1389
1070 1389
1153 1389
966 1389
1340 1389
1340 1389
1037 1389
951 1389
1023 1389
1340 1389
1070 1389
1053 1395
1299 1396
1185 1396
1348 1396
1264 1396
1185 1396
1194 1398
1056 1398
1006 1399
1152 1399
1204 1399
844 1399
1063 1399
796 1399
1011 1399
1283 1399
1063 1399
1129 1399
1390 1403
1388 1403
1402 1403
1388 1403
1152 1404
988 1404
1134 1405
1036 1405
1272 1405
1149 1405
1276 1405
1272 1405
1261 1405
1124 1405
1276 1405
1058 1405
1272 1405
1149 1405
1276 1405
1261 1405
1149 1405
1261 1405
1124 1405
1272 1405
1058 1405
1276 1405
1026 1407
1377 1407
1181 1407
823 1407
1090 1407
1228 1407
920 1408
1238 1408
1035 1408
804 1408
1092 1408
1144 1408
932 1409
1238 1409
1190 1409
912 1409
1239 1409
1276 1409
1329 1409
923 1409
1092 1409
1400 1409
1260 1411
1140 1411
1249 1411
900 1411
809 1411
949 1411
1025 1411
1112 1411
1204 1411
1313 1411
873 1411
1198 1411
1249 1411
1260 1411
1231 1411
1020 1411
1260 1411
1260 1411
1013 1411
1313 1411
999 1411
1204 1411
1204 1411
874 1411
1378 1411
1020 1411
1260 1411
1313 1411
853 1411
1313 1411
1313 1411
844 1411
1334 1411
1160 1411
1186 1411
1260 1411
1022 1411
1093 1411
1313 1411
1231 1411
1111 1411
1000 1412
1374 1412
1326 1413
1295 1413
1404 1414
1256 1414
1256 1414
1256 1414
1152 1414
1045 1414
913 1414
1177 1414
888 1414
1404 1414
1256 1414
1331 1414
1404 1414
1354 1414
1256 1414
1013 1414
1160 1414
1256 1414
1366 1414
1404 1414
1256 1414
1040 1414
1404 1414
1140 1414
1404 1414
1160 1414
1279 1414
1177 1414
1158 1415
1283 1415
1312 1415
1339 1415
1158 1415
1158 1415
1340 1416
1124 1416
1072 1416
1408 1416
1124 1416
1311 1416
1228 1416
1380 1416
907 1417
1063 1418
1015 1418
1076 1418
1204 1419
1155 1419
1126 1419
972 1419
1412 1419
1419 1420
932 1420
1239 1420
1178 1420
1176 1420
1239 1420
1327 1420
985 1420
1102 1420
970 1420
1264 1421
930 1421
1299 1421
1264 1421
1264 1421
1264 1421
1130 1421
1364 1424
1274 1424
1336 1426
1150 1426
1334 1426
1239 1426
1341 1427
1391 1427
1420 1427
1275 1427
1391 1427
1370 1427
854 1428
1146 1428
1092 1428
1328 1428
1144 1428
1068 1428
1238 1428
1068 1428
1100 1428
1150 1429
1329 1429
1150 1429
1149 1429
1226 1429
1408 1429
1329 1429
926 1429
1150 1429
1374 1430
1374 1430
1063 1430
1374 1430
991 1430
1374 1430
831 1430
1374 1430
1254 1434
1266 1434
1076 1434
1262 1434
1145 1434
1112 1434
1379 1434
1129 1434
1258 1434
1129 1434
1294 1434
1417 1434
1155 1434
1294 1434
1365 1434
1170 1434
1032 1434
1231 1434
1193 1437
1365 1439
1365 1439
1082 1440
1060 1440
1239 1440
1130 1440
1243 1440
719 1440
1009 1440
1212 1440
845 1440
1326 1441
1052 1441
1173 1441
1326 1441
1326 1441
1052 1441
1052 1441
1316 1441
932 1441
1054 1441
1180 1441
1108 1441
1075 1441
967 1441
1015 1442
983 1442
807 1442
1155 1442
1170 1442
1231 1442
1266 1442
1262 1442
1000 1442
1112 1442
1121 1443
1215 1443
1218 1443
1298 1443
1318 1443
967 1444
1292 1444
1282 1444
1244 1444
1187 1444
1175 1445
1000 1445
1175 1445
1126 1445
929 1445
1000 1445
986 1445
1423 1450
1317 1450
837 1453
1152 1453
1017 1454
1276 1454
1124 1454
1156 1454
990 1454
1018 1454
1284 1454
1337 1454
1189 1454
1306 1454
1345 1454
1276 1454
1272 1454
932 1455
923 1455
1185 1456
1002 1456
977 1456
977 1456
1006 1459
714 1459
1177 1459
1283 1459
1177 1459
1286 1461
888 1461
888 1461
1242 1461
1007 1461
917 1461
1174 1461
882 1461
1428 1461
997 1461
977 1461
913 1461
1428 1461
1015 1461
913 1461
1428 1461
1346 1461
1119 1461
1113 1461
937 1461
1021 1461
1286 1461
1286 1461
1428 1461
1286 1461
1099 1461
1059 1461
1049 1461
896 1461
1428 1461
1192 1461
1051 1461
882 1461
937 1461
1286 1461
887 1461
859 1462
1276 1462
1311 1462
1302 1462
859 1462
1380 1462
1163 1462
1072 1462
1006 1463
806 1463
1018 1463
1191 1463
1006 1463
1288 1463
1306 1463
1306 1463
995 1463
1006 1463
1065 1463
1065 1463
1167 1463
1035 1463
660 1463
1006 1463
1369 1463
1006 1463
1309 1463
963 1463
1006 1463
1026 1464
1436 1464
1144 1464
1272 1464
1312 1467
1284 1467
1208 1468
1132 1468
1249 1468
949 1468
1239 1468
873 1468
1292 1469
1254 1469
1024 1469
1266 1469
1262 1469
1316 1469
878 1469
1258 1469
1199 1469
1274 1469
1417 1469
1000 1469
895 1469
1258 1469
1024 1469
1274 1469
1254 1469
1274 1469
1417 1469
1170 1469
1465 1470
1311 1476
1097 1476
1097 1476
1186 1476
1018 1477
1283 1477
1475 1478
1390 1479
1390 1479
1390 1479
886 1480
1336 1480
983 1481
1050 1481
1155 1481
1231 1481
1178 1483
1145 1483
1379 1483
1481 1483
725 1486
1024 1486
1283 1486
988 1486
1008 1487
1191 1487
950 1487
1394 1487
1446 1487
1240 1487
1074 1487
966 1487
1369 1487
1348 1488
1216 1488
1442 1488
1257 1488
957 1488
1214 1489
1214 1489
1214 1489
1214 1489
1214 1489
870 1490
739 1490
966 1490
1303 1493
1359 1493
1370 1496
1309 1497
1230 1497
1241 1497
1145 1498
1336 1498
1379 1498
1178 1498
1452 1498
1029 1499
1029 1499
1092 1499
1475 1499
1029 1499
1238 1499
1222 1500
1314 1500
1455 1502
1204 1502
1473 1503
1349 1503
1218 1503
1349 1503
1199 1503
1485 1503
1194 1503
1133 1504
1380 1505
1450 1507
1450 1507
1035 1511
646 1511
1509 1511
1283 1511
1509 1511
933 1511
1283 1511
1475 1511
1509 1511
1283 1511
995 1511
1065 1511
1475 1511
1475 1511
1509 1511
1509 1511
1283 1511
1283 1511
1036 1512
1451 1515
1228 1517
881 1521
1475 1521
1509 1521
1283 1521
1391 1526
1108 1526
1318 1526
1487 1526
1210 1526
1501 1526
1449 1526
1391 1526
1492 1526
1464 1526
1122 1526
1318 1526
1501 1526
1449 1526
1105 1531
1095 1531
1306 1531
1401 1532
1372 1532
1274 1532
1396 1532
1110 1533
1279 1533
1294 1533
1140 1533
1331 1533
1409 1533
1455 1533
932 -1
1043 -1
1145 -1
1146 -1
1178 -1
1178 -1
1178 -1
1178 -1
1230 -1
1232 -1
1272 -1
1279 -1
1282 -1
1283 -1
1306 -1
1318 -1
1331 -1
1353 -1
1364 -1
1364 -1
1372 -1
1397 -1
1397 -1
1409 -1
1427 -1
1436 -1
1436 -1
1450 -1
1472 -1
1472 -1
1475 -1
1509 -1
1509 -1
