1255 1280
1263 1289
1280 1291
1280 1291
1247 1291
1233 1291
1305 1323
1301 1323
1311 1323
1280 1323
1280 1323
1280 1323
1280 1323
1280 1323
1280 1323
1280 1323
1280 1323
1311 1323
1259 1338
1265 1338
1327 1338
1290 1338
1259 1338
1310 1341
1332 1341
1323 1341
1327 1341
1285 1341
1310 1341
1310 1341
1310 1341
1310 1341
1310 1341
1304 1341
1332 1341
1310 1341
1277 1341
1304 1341
1288 1350
1360 1368
1342 1368
1365 1368
1360 1368
1342 1368
1342 1368
1342 1368
1342 1368
1287 1368
1342 1368
1360 1368
1342 1368
1363 1368
1342 1368
1363 1368
1338 1368
1360 1368
1363 1368
1363 1368
1342 1368
1360 1368
1365 1368
1363 1368
1363 1368
1332 1368
1304 1368
1363 1368
1332 1368
1342 1368
1338 1368
1363 1368
1342 1368
1338 1368
1360 1368
1342 1368
1365 1368
1287 1368
1363 1368
1338 1368
1360 1368
1304 1368
1338 1368
1330 1368
1355 1368
1338 1368
1355 1368
1330 1368
1363 1368
1360 1368
1330 1368
1310 1375
1288 1375
1259 1375
1371 1375
1325 1375
1357 1375
1355 1375
1319 1375
1284 1375
1206 1375
1355 1375
1310 1375
1319 1375
1319 1375
1325 1375
1355 1375
1288 1375
1304 1375
1310 1375
1355 1375
1319 1375
1355 1375
1325 1375
1355 1375
1373 1375
1350 1375
1368 1376
1356 1376
1308 1381
1375 1384
1328 1385
1328 1385
1328 1385
1328 1385
1360 1385
1328 1385
1360 1385
1332 1386
1287 1386
1351 1389
1351 1389
1351 1389
1351 1389
1351 1389
1351 1389
1351 1389
1351 1389
1337 1393
1325 1393
1332 1393
1325 1393
1332 1393
1325 1393
1325 1393
1266 1393
1262 1393
1287 1393
1277 1393
1248 1393
1310 1393
1325 1393
1325 1393
1345 1393
1328 1398
1395 1398
1369 1398
1328 1398
1328 1398
1333 1398
1266 1398
1262 1398
1282 1405
1282 1405
1393 1407
1376 1411
1378 1411
1373 1411
1344 1411
1386 1411
1344 1411
1378 1411
1343 1411
1343 1411
1378 1411
1376 1411
1376 1411
1411 1414
1258 1414
1411 1414
1411 1414
1411 1414
1411 1414
1411 1414
1411 1414
1411 1414
1405 1414
1411 1414
1411 1414
1411 1414
1280 1414
1411 1414
1405 1414
1411 1414
1411 1414
1407 1418
1396 1418
1407 1418
1332 1418
1350 1418
1407 1418
1407 1418
1407 1418
1399 1418
1357 1418
1407 1418
1282 1418
1407 1418
1344 1429
1422 1429
1407 1429
1383 1429
1407 1429
1344 1429
1356 1429
1355 1429
1319 1429
1422 1429
1407 1429
1407 1429
1338 1429
1422 1429
1414 1429
1422 1430
1406 1430
1407 1430
1324 1430
1368 1430
1381 1430
1422 1430
1381 1430
1360 1430
1368 1430
1407 1430
1328 1430
1415 1430
1415 1430
1251 1430
1406 1430
1406 1430
1356 1430
1410 1430
1356 1430
1360 1430
1406 1430
1330 1430
1360 1430
1415 1430
1338 1430
1338 1430
1355 1430
1415 1430
1355 1430
1410 1430
1360 1430
1422 1430
1407 1430
1330 1430
1407 1430
1356 1430
1381 1430
1415 1430
1422 1430
1415 1430
1415 1437
1365 1439
1398 1440
1439 1440
1418 1440
1414 1440
1414 1440
1439 1440
1416 1440
1418 1440
1398 1440
1416 1440
1393 1441
1354 1441
1354 1441
1393 1441
1374 1443
1324 1443
1430 1444
1392 1445
1422 1445
1407 1445
1361 1445
1308 1447
1292 1447
1332 1447
1287 1447
1332 1447
1282 1453
1443 1453
1414 1453
1396 1453
1287 1453
1350 1453
1357 1453
1422 1454
1422 1454
1356 1454
1407 1454
1422 1454
1422 1454
1422 1454
1422 1454
1407 1454
1406 1454
1356 1454
1441 1454
1406 1454
1376 1454
1422 1454
1422 1454
1431 1454
1407 1454
1428 1454
1406 1454
1422 1454
1407 1454
1432 1454
1407 1454
1422 1454
1432 1454
1361 1454
1407 1454
1356 1454
1407 1454
1356 1454
1432 1454
1407 1454
1447 1455
1393 1456
1421 1456
1445 1456
1421 1456
1445 1456
1387 1456
1451 1456
1421 1456
1387 1456
1421 1456
1433 1456
1433 1456
1387 1456
1421 1456
1421 1456
1421 1456
1430 1456
1430 1456
1421 1456
1430 1456
1430 1456
1433 1456
1433 1456
1381 1456
1387 1456
1421 1456
1421 1456
1430 1456
1430 1456
1451 1456
1433 1456
1451 1456
1433 1456
1433 1456
1419 1457
1341 1457
1399 1457
1411 1458
1406 1458
1248 1459
1360 1459
1429 1459
1405 1459
1453 1459
1411 1459
1457 1461
1437 1461
1457 1461
1428 1461
1457 1461
1456 1461
1375 1461
1457 1461
1457 1461
1457 1461
1375 1461
1375 1461
1457 1461
1375 1461
1437 1461
1428 1461
1440 1468
1440 1468
1440 1468
1458 1468
1292 1469
1444 1469
1292 1469
1417 1469
1278 1469
1262 1469
1361 1469
1280 1469
1417 1469
1460 1469
1444 1469
1280 1469
1266 1469
1278 1469
1454 1469
1405 1469
1460 1469
1454 1469
1278 1469
1405 1469
1460 1469
1292 1469
1292 1469
1292 1469
1454 1469
1405 1469
1460 1469
1454 1469
1405 1469
1258 1469
1444 1469
1361 1469
1460 1469
1417 1469
1454 1469
1454 1469
1454 1469
1361 1469
1278 1469
1447 1469
1444 1469
1248 1469
1414 1470
1414 1470
1465 1470
1356 1470
1440 1470
1385 1470
1414 1470
1414 1470
1344 1470
1408 1470
1432 1470
1465 1470
1381 1470
1465 1470
1385 1470
1414 1470
1385 1470
1385 1470
1465 1470
1440 1470
1399 1470
1368 1470
1368 1470
1456 1470
1414 1470
1383 1470
1398 1470
1414 1470
1398 1470
1414 1470
1467 1470
1414 1470
1422 1470
1465 1470
1414 1470
1385 1470
1398 1470
1440 1470
1467 1470
1368 1470
1422 1470
1407 1470
1407 1470
1414 1470
1465 1470
1414 1470
1440 1470
1298 1470
1465 1470
1465 1470
1406 1470
1338 1470
1440 1471
1422 1471
1440 1471
1444 1471
1457 1471
1422 1471
1422 1471
1360 1474
1328 1474
1397 1474
1258 1474
1465 1476
1469 1476
1429 1476
1465 1476
1417 1476
1470 1476
1429 1476
1465 1476
1465 1476
1465 1476
1445 1476
1329 1476
1329 1476
1465 1476
1465 1476
1455 1476
1429 1476
1465 1476
1411 1476
1411 1476
1470 1476
1333 1476
1465 1476
1429 1476
1329 1476
1469 1476
1329 1476
1417 1476
1370 1476
1465 1476
1429 1476
1429 1476
1465 1476
1465 1476
1411 1476
1411 1476
1367 1476
1367 1476
1329 1476
1470 1476
1465 1476
1469 1476
1465 1476
1371 1476
1329 1476
1429 1476
1405 1477
1411 1477
1454 1477
1328 1478
1360 1478
1251 1478
1397 1478
1477 1480
1477 1480
1444 1480
1444 1480
1477 1480
1477 1480
1405 1482
1481 1483
1481 1483
1481 1483
1481 1483
1481 1483
1368 1484
1332 1484
1474 1484
1397 1484
1189 1484
1417 1484
1323 1484
1474 1484
1443 1484
1440 1484
1474 1484
1412 1484
1417 1484
1417 1484
1420 1484
1420 1484
1474 1484
1365 1484
1322 1484
1440 1484
1439 1484
1478 1484
1395 1484
1298 1484
1397 1484
1424 1484
1478 1484
1440 1484
1474 1484
1418 1484
1478 1484
1440 1484
1417 1484
1478 1484
1412 1484
1397 1484
1348 1484
1397 1484
1424 1484
1332 1484
1322 1484
1350 1484
1424 1484
1453 1484
1453 1484
1417 1484
1443 1484
1443 1484
1424 1484
1478 1484
1280 1484
1248 1484
1322 1484
1420 1484
1322 1484
1443 1484
1469 1484
1424 1484
1357 1484
1443 1484
1420 1484
1407 1486
1399 1486
1338 1486
1407 1486
1399 1486
1341 1486
1399 1486
1238 1486
1407 1486
1407 1486
1465 1486
1399 1486
1367 1486
1338 1486
1444 1486
1360 1486
1407 1486
1393 1488
1315 1489
1430 1489
1430 1489
1430 1489
1315 1489
1430 1489
1397 1489
1478 1490
1478 1490
1392 1490
1287 1490
1287 1490
1430 1490
1430 1490
1455 1490
1370 1490
1466 1490
1370 1490
1488 1490
1488 1490
1474 1490
1474 1490
1370 1490
1370 1490
1370 1490
1332 1490
1332 1490
1440 1491
1440 1491
1440 1491
1466 1492
1440 1492
1430 1493
1470 1493
1484 1493
1484 1493
1430 1493
1315 1493
1430 1493
1350 1493
1429 1493
1359 1493
1484 1493
1484 1493
1425 1496
1412 1496
1488 1498
1469 1498
1469 1498
1363 1500
1323 1500
1312 1500
1363 1500
1363 1500
1369 1500
1312 1500
1312 1500
1363 1500
1363 1500
1363 1500
1363 1500
1363 1500
1312 1500
1484 1502
1453 1502
1484 1502
1418 1502
1484 1502
1411 1502
1463 1504
1491 1504
1451 1504
1491 1504
1491 1504
1308 1504
1467 1504
1463 1504
1381 1504
1377 1504
1377 1504
1488 1504
1488 1505
1399 1505
1411 1505
1453 1505
1490 1505
1466 1505
1412 1505
1378 1505
1488 1506
1474 1506
1416 1506
1412 1506
1386 1506
1455 1506
1478 1506
1490 1506
1332 1506
1287 1506
1430 1506
1308 1506
1392 1506
1482 1510
1454 1510
1492 1510
1464 1510
1476 1510
1482 1510
1482 1510
1379 1510
1482 1510
1482 1510
1379 1510
1443 1510
1482 1510
1464 1510
1444 1510
1482 1510
1482 1510
1468 1510
1350 1511
1451 1511
1486 1511
1486 1511
1463 1511
1463 1511
1463 1511
1478 1511
1474 1511
1463 1511
1451 1511
1463 1511
1459 1511
1463 1511
1350 1511
1463 1511
1463 1511
1332 1511
1478 1511
1463 1511
1505 1511
1486 1511
1478 1511
1474 1511
1505 1511
1463 1511
1463 1511
1451 1511
1475 1511
1463 1511
1505 1511
1463 1511
1463 1511
1408 1511
1463 1511
1463 1511
1463 1511
1463 1511
1474 1511
1408 1511
1478 1511
1505 1511
1474 1511
1287 1511
1463 1511
1505 1511
1463 1511
1420 1512
1468 1512
1280 1512
1395 1512
1468 1512
1420 1512
1420 1512
1468 1512
1468 1512
1420 1512
1420 1512
1420 1512
1420 1512
1468 1512
1370 1512
1468 1512
1420 1512
1420 1512
1468 1512
1468 1512
1468 1512
1468 1512
1420 1512
1420 1512
1482 1512
1468 1512
1482 1512
1468 1512
1468 1512
1468 1512
1420 1512
1420 1512
1420 1512
1420 1512
1468 1512
1468 1512
1420 1512
1468 1512
1420 1512
1420 1512
1468 1512
1445 1512
1293 1512
1420 1512
1333 1512
1468 1512
1445 1512
1480 1512
1468 1512
1325 1512
1325 1512
1468 1512
1468 1512
1410 1512
1420 1512
1468 1512
1325 1512
1374 1512
1410 1512
1275 1512
1468 1512
1417 1512
1420 1512
1468 1512
1482 1512
1468 1512
1468 1512
1468 1512
1468 1512
1417 1512
1420 1512
1468 1512
1420 1512
1333 1512
1325 1512
1468 1512
1468 1512
1275 1512
1420 1512
1480 1512
1468 1512
1275 1512
1468 1512
1325 1512
1275 1512
1468 1512
1455 1513
1477 1513
1387 1513
1457 1513
1406 1513
1376 1513
1454 1513
1432 1513
1315 1513
1341 1513
1440 1513
1460 1513
1457 1513
1480 1513
1457 1513
1373 1513
1457 1513
1287 1513
1325 1513
1408 1513
1457 1513
1416 1513
1457 1513
1492 1517
1441 1517
1356 1517
1356 1517
1446 1517
1508 1517
1406 1517
1432 1517
1441 1517
1428 1517
1508 1517
1422 1517
1310 1517
1446 1517
1406 1517
1422 1517
1441 1517
1508 1517
1508 1517
1432 1517
1479 1517
1492 1517
1464 1517
1393 1517
1405 1517
1411 1517
1407 1517
1428 1517
1422 1517
1487 1517
1508 1517
1479 1517
1360 1517
1393 1517
1508 1517
1454 1517
1406 1517
1422 1517
1356 1517
1508 1517
1432 1517
1479 1517
1454 1517
1508 1517
1432 1517
1508 1517
1432 1517
1432 1517
1406 1517
1406 1517
1441 1517
1432 1517
1375 1519
1441 1519
1323 1519
1498 1519
1398 1519
1411 1519
1425 1519
1426 1519
1441 1519
1454 1519
1367 1519
1515 1519
1497 1519
1375 1519
1515 1519
1443 1519
1461 1519
1443 1519
1412 1519
1325 1519
1461 1519
1356 1519
1461 1519
1386 1519
1461 1519
1461 1519
1412 1519
1329 1519
1429 1519
1476 1519
1483 1519
1487 1519
1431 1519
1497 1519
1424 1519
1461 1519
1497 1519
1516 1519
1516 1519
1517 1519
1498 1519
1461 1519
1448 1519
1325 1519
1461 1519
1461 1519
1325 1519
1322 1519
1515 1519
1424 1519
1461 1519
1494 1519
1431 1519
1367 1519
1497 1519
1494 1519
1462 1520
1393 1520
1420 1521
1460 1521
1368 1521
1460 1521
1515 1521
1443 1521
1468 1521
1397 1521
1444 1521
1460 1521
1463 1521
1464 1521
1333 1521
1515 1521
1492 1521
1464 1521
1463 1521
1424 1521
1476 1521
1443 1521
1333 1521
1440 1524
1330 1524
1373 1524
1422 1524
1440 1524
1238 1524
1330 1524
1444 1524
1344 1524
1392 1525
1392 1525
1503 1526
1470 1526
1501 1526
1503 1526
1470 1526
1395 1527
1410 1527
1486 1527
1441 1527
1342 1527
1443 1527
1328 1527
1515 1527
1507 1527
1524 1527
1298 1527
1441 1527
1466 1527
1466 1527
1466 1527
1486 1527
1358 1527
1252 1527
1374 1527
1443 1527
1395 1527
1524 1527
1461 1527
1466 1527
1380 1527
1425 1527
1380 1527
1441 1527
1298 1527
1481 1527
1466 1527
1524 1527
1440 1527
1507 1527
1395 1527
1515 1527
1524 1527
1424 1527
1466 1527
1443 1527
1486 1527
1524 1527
1443 1527
1466 1527
1486 1527
1507 1527
1374 1527
1440 1527
1507 1527
1440 1528
1444 1528
1458 1528
1440 1528
1406 1528
1397 1528
1525 1528
1406 1528
1440 1528
1476 1528
1517 1528
1375 1528
1445 1528
1406 1528
1471 1531
1462 1531
1497 1531
1476 1531
1381 1531
1399 1531
1330 1531
1520 1531
1343 1531
1330 1531
1355 1531
1516 1531
1476 1531
1383 1531
1376 1531
1516 1531
1504 1531
1524 1531
1504 1531
1465 1531
1477 1531
1330 1531
1383 1531
1486 1531
1376 1531
1516 1531
1465 1531
1471 1531
1497 1531
1516 1531
1344 1531
1476 1531
1476 1531
1327 1531
1311 1531
1522 1531
1476 1531
1497 1531
1476 1531
1459 1531
1255 1531
1268 1531
1497 1531
1516 1531
1516 1531
1338 1531
1277 1531
1477 1531
1516 1531
1311 1531
1402 1531
1516 1531
1383 1531
1497 1531
1476 1531
1497 1531
1476 1531
1376 1531
1476 1531
1375 1531
1476 1531
1516 1531
1476 1531
1497 1531
1338 1531
1513 1531
1439 1531
1516 1531
1497 1531
1497 1531
1497 1531
1415 1531
1497 1531
1476 1531
1516 1531
1516 1531
1470 1531
1381 1531
1477 1531
1476 1531
1433 1531
1311 1531
1497 1531
1250 1531
1437 1531
1311 1531
1476 1531
1465 1531
1497 1531
1311 1531
1497 1531
1504 1531
1516 1531
1343 1531
1375 1531
1338 1531
1476 1531
1250 1531
1516 1531
1376 1531
1402 1531
1402 1531
1465 1531
1401 1532
1484 1532
1430 1532
1510 1533
1484 1533
1484 1533
1484 1533
1484 1533
1521 1533
1484 1533
1475 1534
1471 1534
1430 1534
1430 1534
1511 1534
1498 1534
1475 1534
1522 1534
1498 1534
1498 1534
1511 1534
1418 1534
1414 1534
1430 1534
1459 1534
1475 1534
1384 1534
1395 1534
1430 1534
1521 1534
1453 1534
1475 1534
1498 1534
1384 1534
1475 1534
1351 1534
1498 1534
1421 1534
1498 1534
1475 1534
1498 1534
1475 1534
1511 1534
1528 1534
1458 1534
1519 1534
1511 1534
1376 1534
1528 1534
1475 1534
1498 1534
1421 1534
1510 1534
1498 1534
1462 1534
1430 1534
1498 1534
1475 1534
1475 1534
1414 1534
1475 1534
1319 1534
1437 1534
1475 1534
1521 1534
1395 1534
1511 1534
1455 1534
1351 1534
1498 1534
1498 1534
1414 1534
1466 1534
1475 1534
1475 1534
1510 1534
1524 1534
1520 1534
1480 1534
1439 1534
1475 1534
1475 1534
1498 1534
1486 1534
1189 -1
1199 -1
1199 -1
1206 -1
1206 -1
1215 -1
1215 -1
1215 -1
1215 -1
1231 -1
1235 -1
1235 -1
1235 -1
1247 -1
1247 -1
1247 -1
1247 -1
1247 -1
1247 -1
1251 -1
1251 -1
1254 -1
1254 -1
1255 -1
1255 -1
1255 -1
1255 -1
1258 -1
1258 -1
1258 -1
1259 -1
1259 -1
1262 -1
1262 -1
1262 -1
1262 -1
1262 -1
1263 -1
1263 -1
1263 -1
1265 -1
1265 -1
1266 -1
1266 -1
1266 -1
1266 -1
1266 -1
1268 -1
1271 -1
1275 -1
1275 -1
1275 -1
1275 -1
1275 -1
1275 -1
1275 -1
1275 -1
1277 -1
1277 -1
1277 -1
1278 -1
1278 -1
1278 -1
1278 -1
1278 -1
1278 -1
1280 -1
1281 -1
1282 -1
1283 -1
1283 -1
1283 -1
1285 -1
1287 -1
1287 -1
1287 -1
1288 -1
1289 -1
1290 -1
1290 -1
1290 -1
1290 -1
1290 -1
1290 -1
1293 -1
1298 -1
1298 -1
1298 -1
1298 -1
1298 -1
1298 -1
1298 -1
1298 -1
1298 -1
1298 -1
1298 -1
1298 -1
1299 -1
1299 -1
1303 -1
1305 -1
1305 -1
1305 -1
1308 -1
1309 -1
1309 -1
1311 -1
1311 -1
1312 -1
1315 -1
1315 -1
1315 -1
1315 -1
1315 -1
1315 -1
1319 -1
1319 -1
1319 -1
1319 -1
1319 -1
1319 -1
1322 -1
1322 -1
1322 -1
1322 -1
1322 -1
1322 -1
1322 -1
1322 -1
1322 -1
1323 -1
1323 -1
1323 -1
1324 -1
1324 -1
1324 -1
1324 -1
1324 -1
1324 -1
1324 -1
1324 -1
1324 -1
1324 -1
1324 -1
1324 -1
1324 -1
1324 -1
1324 -1
1325 -1
1325 -1
1325 -1
1325 -1
1325 -1
1325 -1
1325 -1
1325 -1
1325 -1
1325 -1
1325 -1
1325 -1
1325 -1
1325 -1
1325 -1
1327 -1
1327 -1
1328 -1
1328 -1
1329 -1
1329 -1
1329 -1
1329 -1
1329 -1
1329 -1
1329 -1
1329 -1
1330 -1
1330 -1
1330 -1
1330 -1
1331 -1
1331 -1
1331 -1
1331 -1
1332 -1
1332 -1
1333 -1
1333 -1
1333 -1
1333 -1
1333 -1
1338 -1
1338 -1
1338 -1
1338 -1
1339 -1
1341 -1
1342 -1
1343 -1
1343 -1
1343 -1
1348 -1
1348 -1
1348 -1
1348 -1
1350 -1
1350 -1
1350 -1
1350 -1
1350 -1
1350 -1
1350 -1
1351 -1
1351 -1
1354 -1
1355 -1
1355 -1
1356 -1
1356 -1
1356 -1
1356 -1
1356 -1
1357 -1
1357 -1
1357 -1
1357 -1
1357 -1
1357 -1
1357 -1
1358 -1
1358 -1
1359 -1
1359 -1
1360 -1
1360 -1
1360 -1
1361 -1
1361 -1
1361 -1
1361 -1
1361 -1
1361 -1
1362 -1
1362 -1
1362 -1
1362 -1
1362 -1
1362 -1
1363 -1
1363 -1
1363 -1
1363 -1
1363 -1
1363 -1
1363 -1
1363 -1
1363 -1
1363 -1
1363 -1
1363 -1
1363 -1
1363 -1
1363 -1
1365 -1
1365 -1
1365 -1
1365 -1
1365 -1
1365 -1
1365 -1
1365 -1
1366 -1
1366 -1
1366 -1
1367 -1
1367 -1
1367 -1
1367 -1
1367 -1
1367 -1
1367 -1
1367 -1
1367 -1
1367 -1
1368 -1
1368 -1
1368 -1
1368 -1
1368 -1
1368 -1
1368 -1
1368 -1
1369 -1
1369 -1
1369 -1
1369 -1
1369 -1
1369 -1
1369 -1
1369 -1
1369 -1
1370 -1
1370 -1
1370 -1
1370 -1
1371 -1
1374 -1
1374 -1
1374 -1
1375 -1
1375 -1
1376 -1
1376 -1
1376 -1
1376 -1
1376 -1
1376 -1
1376 -1
1376 -1
1376 -1
1376 -1
1376 -1
1376 -1
1376 -1
1376 -1
1377 -1
1377 -1
1377 -1
1378 -1
1378 -1
1378 -1
1378 -1
1379 -1
1379 -1
1379 -1
1379 -1
1379 -1
1379 -1
1379 -1
1379 -1
1380 -1
1380 -1
1380 -1
1380 -1
1380 -1
1380 -1
1380 -1
1380 -1
1380 -1
1380 -1
1380 -1
1380 -1
1380 -1
1380 -1
1380 -1
1381 -1
1382 -1
1382 -1
1382 -1
1382 -1
1382 -1
1382 -1
1383 -1
1383 -1
1383 -1
1383 -1
1383 -1
1383 -1
1383 -1
1384 -1
1384 -1
1384 -1
1384 -1
1384 -1
1384 -1
1384 -1
1384 -1
1384 -1
1384 -1
1385 -1
1385 -1
1385 -1
1385 -1
1385 -1
1385 -1
1385 -1
1385 -1
1385 -1
1385 -1
1385 -1
1386 -1
1386 -1
1386 -1
1386 -1
1386 -1
1386 -1
1386 -1
1386 -1
1386 -1
1386 -1
1387 -1
1391 -1
1391 -1
1392 -1
1392 -1
1392 -1
1392 -1
1392 -1
1392 -1
1392 -1
1392 -1
1392 -1
1392 -1
1392 -1
1392 -1
1392 -1
1392 -1
1392 -1
1392 -1
1392 -1
1393 -1
1393 -1
1393 -1
1393 -1
1393 -1
1395 -1
1395 -1
1395 -1
1395 -1
1396 -1
1396 -1
1396 -1
1396 -1
1396 -1
1396 -1
1397 -1
1397 -1
1397 -1
1398 -1
1398 -1
1398 -1
1398 -1
1398 -1
1399 -1
1399 -1
1399 -1
1399 -1
1400 -1
1401 -1
1401 -1
1401 -1
1402 -1
1402 -1
1402 -1
1402 -1
1402 -1
1402 -1
1402 -1
1402 -1
1402 -1
1402 -1
1402 -1
1402 -1
1403 -1
1404 -1
1405 -1
1405 -1
1405 -1
1405 -1
1405 -1
1405 -1
1405 -1
1405 -1
1405 -1
1405 -1
1405 -1
1405 -1
1405 -1
1405 -1
1405 -1
1405 -1
1405 -1
1405 -1
1405 -1
1406 -1
1406 -1
1407 -1
1407 -1
1407 -1
1407 -1
1407 -1
1407 -1
1407 -1
1407 -1
1407 -1
1407 -1
1407 -1
1408 -1
1408 -1
1408 -1
1408 -1
1408 -1
1408 -1
1408 -1
1409 -1
1409 -1
1409 -1
1409 -1
1409 -1
1409 -1
1411 -1
1411 -1
1411 -1
1411 -1
1411 -1
1411 -1
1411 -1
1411 -1
1411 -1
1411 -1
1411 -1
1411 -1
1411 -1
1412 -1
1412 -1
1412 -1
1412 -1
1412 -1
1412 -1
1412 -1
1412 -1
1412 -1
1412 -1
1412 -1
1412 -1
1412 -1
1413 -1
1413 -1
1413 -1
1414 -1
1414 -1
1414 -1
1414 -1
1414 -1
1414 -1
1414 -1
1414 -1
1414 -1
1415 -1
1415 -1
1415 -1
1415 -1
1415 -1
1415 -1
1416 -1
1416 -1
1416 -1
1416 -1
1416 -1
1416 -1
1417 -1
1417 -1
1417 -1
1417 -1
1417 -1
1417 -1
1417 -1
1418 -1
1418 -1
1418 -1
1419 -1
1419 -1
1419 -1
1420 -1
1420 -1
1420 -1
1420 -1
1420 -1
1421 -1
1421 -1
1421 -1
1421 -1
1421 -1
1421 -1
1421 -1
1421 -1
1421 -1
1421 -1
1422 -1
1422 -1
1422 -1
1422 -1
1422 -1
1422 -1
1422 -1
1422 -1
1422 -1
1424 -1
1424 -1
1424 -1
1424 -1
1424 -1
1424 -1
1424 -1
1424 -1
1424 -1
1424 -1
1424 -1
1424 -1
1424 -1
1424 -1
1425 -1
1425 -1
1425 -1
1425 -1
1425 -1
1425 -1
1425 -1
1425 -1
1425 -1
1425 -1
1425 -1
1426 -1
1427 -1
1427 -1
1427 -1
1427 -1
1428 -1
1428 -1
1428 -1
1429 -1
1429 -1
1429 -1
1429 -1
1429 -1
1429 -1
1429 -1
1429 -1
1429 -1
1429 -1
1429 -1
1429 -1
1429 -1
1429 -1
1429 -1
1429 -1
1429 -1
1429 -1
1429 -1
1429 -1
1430 -1
1430 -1
1430 -1
1430 -1
1430 -1
1430 -1
1430 -1
1430 -1
1430 -1
1430 -1
1430 -1
1430 -1
1430 -1
1430 -1
1430 -1
1430 -1
1430 -1
1430 -1
1430 -1
1430 -1
1430 -1
1430 -1
1430 -1
1430 -1
1430 -1
1431 -1
1431 -1
1431 -1
1431 -1
1431 -1
1431 -1
1431 -1
1431 -1
1431 -1
1431 -1
1431 -1
1431 -1
1431 -1
1431 -1
1431 -1
1431 -1
1431 -1
1431 -1
1431 -1
1431 -1
1431 -1
1431 -1
1431 -1
1431 -1
1431 -1
1431 -1
1431 -1
1431 -1
1432 -1
1432 -1
1432 -1
1432 -1
1432 -1
1433 -1
1433 -1
1433 -1
1433 -1
1433 -1
1433 -1
1433 -1
1433 -1
1433 -1
1434 -1
1434 -1
1434 -1
1435 -1
1437 -1
1437 -1
1437 -1
1437 -1
1437 -1
1437 -1
1437 -1
1437 -1
1438 -1
1438 -1
1438 -1
1438 -1
1439 -1
1439 -1
1439 -1
1439 -1
1439 -1
1439 -1
1439 -1
1440 -1
1440 -1
1440 -1
1440 -1
1440 -1
1440 -1
1440 -1
1440 -1
1440 -1
1440 -1
1440 -1
1440 -1
1440 -1
1440 -1
1440 -1
1440 -1
1440 -1
1440 -1
1440 -1
1440 -1
1441 -1
1441 -1
1441 -1
1441 -1
1441 -1
1441 -1
1441 -1
1442 -1
1442 -1
1442 -1
1442 -1
1442 -1
1443 -1
1443 -1
1443 -1
1443 -1
1443 -1
1443 -1
1443 -1
1443 -1
1443 -1
1443 -1
1443 -1
1443 -1
1443 -1
1443 -1
1443 -1
1444 -1
1444 -1
1444 -1
1444 -1
1444 -1
1444 -1
1444 -1
1444 -1
1444 -1
1444 -1
1444 -1
1444 -1
1444 -1
1444 -1
1445 -1
1445 -1
1445 -1
1445 -1
1445 -1
1447 -1
1447 -1
1447 -1
1448 -1
1448 -1
1448 -1
1448 -1
1448 -1
1448 -1
1448 -1
1448 -1
1448 -1
1448 -1
1448 -1
1448 -1
1448 -1
1448 -1
1448 -1
1448 -1
1448 -1
1449 -1
1449 -1
1449 -1
1449 -1
1450 -1
1451 -1
1451 -1
1451 -1
1451 -1
1451 -1
1451 -1
1451 -1
1452 -1
1452 -1
1453 -1
1453 -1
1453 -1
1453 -1
1453 -1
1453 -1
1454 -1
1454 -1
1454 -1
1454 -1
1454 -1
1454 -1
1454 -1
1454 -1
1455 -1
1455 -1
1455 -1
1455 -1
1455 -1
1455 -1
1455 -1
1455 -1
1455 -1
1455 -1
1455 -1
1455 -1
1455 -1
1455 -1
1455 -1
1455 -1
1455 -1
1455 -1
1455 -1
1456 -1
1456 -1
1456 -1
1456 -1
1456 -1
1456 -1
1456 -1
1457 -1
1457 -1
1457 -1
1457 -1
1457 -1
1457 -1
1457 -1
1457 -1
1457 -1
1458 -1
1458 -1
1458 -1
1458 -1
1458 -1
1458 -1
1458 -1
1458 -1
1458 -1
1458 -1
1458 -1
1458 -1
1459 -1
1459 -1
1459 -1
1459 -1
1459 -1
1460 -1
1460 -1
1460 -1
1460 -1
1460 -1
1460 -1
1462 -1
1462 -1
1462 -1
1462 -1
1462 -1
1462 -1
1462 -1
1462 -1
1462 -1
1463 -1
1463 -1
1463 -1
1463 -1
1463 -1
1463 -1
1463 -1
1463 -1
1463 -1
1463 -1
1463 -1
1463 -1
1463 -1
1463 -1
1463 -1
1463 -1
1463 -1
1463 -1
1463 -1
1463 -1
1463 -1
1463 -1
1463 -1
1463 -1
1463 -1
1463 -1
1463 -1
1463 -1
1463 -1
1463 -1
1463 -1
1463 -1
1463 -1
1463 -1
1463 -1
1464 -1
1464 -1
1464 -1
1464 -1
1464 -1
1464 -1
1464 -1
1464 -1
1464 -1
1464 -1
1465 -1
1465 -1
1465 -1
1466 -1
1466 -1
1466 -1
1466 -1
1467 -1
1468 -1
1468 -1
1468 -1
1468 -1
1468 -1
1468 -1
1468 -1
1469 -1
1469 -1
1469 -1
1469 -1
1469 -1
1469 -1
1469 -1
1470 -1
1470 -1
1470 -1
1470 -1
1470 -1
1470 -1
1470 -1
1470 -1
1471 -1
1471 -1
1471 -1
1471 -1
1471 -1
1471 -1
1471 -1
1471 -1
1471 -1
1471 -1
1472 -1
1472 -1
1472 -1
1473 -1
1473 -1
1474 -1
1474 -1
1474 -1
1474 -1
1474 -1
1474 -1
1474 -1
1474 -1
1475 -1
1475 -1
1475 -1
1476 -1
1477 -1
1477 -1
1477 -1
1477 -1
1477 -1
1477 -1
1477 -1
1477 -1
1477 -1
1477 -1
1478 -1
1478 -1
1478 -1
1478 -1
1478 -1
1478 -1
1478 -1
1478 -1
1479 -1
1479 -1
1479 -1
1479 -1
1479 -1
1479 -1
1479 -1
1479 -1
1479 -1
1479 -1
1479 -1
1480 -1
1480 -1
1480 -1
1480 -1
1480 -1
1480 -1
1480 -1
1480 -1
1480 -1
1480 -1
1480 -1
1480 -1
1480 -1
1480 -1
1480 -1
1480 -1
1480 -1
1480 -1
1480 -1
1480 -1
1480 -1
1480 -1
1481 -1
1481 -1
1481 -1
1481 -1
1481 -1
1481 -1
1481 -1
1481 -1
1481 -1
1481 -1
1482 -1
1482 -1
1482 -1
1482 -1
1482 -1
1482 -1
1483 -1
1484 -1
1484 -1
1484 -1
1484 -1
1484 -1
1485 -1
1485 -1
1485 -1
1486 -1
1486 -1
1486 -1
1486 -1
1486 -1
1486 -1
1487 -1
1487 -1
1487 -1
1487 -1
1487 -1
1487 -1
1487 -1
1487 -1
1487 -1
1487 -1
1487 -1
1487 -1
1487 -1
1487 -1
1487 -1
1487 -1
1487 -1
1487 -1
1487 -1
1487 -1
1487 -1
1487 -1
1488 -1
1488 -1
1488 -1
1488 -1
1488 -1
1488 -1
1488 -1
1488 -1
1488 -1
1488 -1
1488 -1
1488 -1
1488 -1
1488 -1
1488 -1
1488 -1
1488 -1
1488 -1
1488 -1
1489 -1
1489 -1
1489 -1
1489 -1
1489 -1
1489 -1
1489 -1
1489 -1
1489 -1
1490 -1
1490 -1
1490 -1
1490 -1
1490 -1
1490 -1
1491 -1
1492 -1
1492 -1
1492 -1
1492 -1
1492 -1
1492 -1
1492 -1
1492 -1
1492 -1
1492 -1
1492 -1
1492 -1
1492 -1
1492 -1
1492 -1
1493 -1
1493 -1
1493 -1
1493 -1
1493 -1
1493 -1
1493 -1
1493 -1
1493 -1
1494 -1
1494 -1
1494 -1
1494 -1
1494 -1
1494 -1
1494 -1
1494 -1
1494 -1
1494 -1
1494 -1
1494 -1
1494 -1
1494 -1
1494 -1
1494 -1
1494 -1
1494 -1
1494 -1
1494 -1
1494 -1
1494 -1
1495 -1
1495 -1
1495 -1
1495 -1
1496 -1
1496 -1
1496 -1
1497 -1
1497 -1
1497 -1
1497 -1
1497 -1
1497 -1
1497 -1
1497 -1
1497 -1
1497 -1
1497 -1
1497 -1
1497 -1
1497 -1
1497 -1
1497 -1
1497 -1
1497 -1
1497 -1
1497 -1
1497 -1
1497 -1
1497 -1
1497 -1
1497 -1
1497 -1
1497 -1
1497 -1
1497 -1
1497 -1
1497 -1
1497 -1
1497 -1
1497 -1
1497 -1
1497 -1
1497 -1
1497 -1
1497 -1
1497 -1
1497 -1
1497 -1
1498 -1
1499 -1
1499 -1
1499 -1
1499 -1
1499 -1
1499 -1
1499 -1
1499 -1
1499 -1
1499 -1
1499 -1
1499 -1
1499 -1
1499 -1
1499 -1
1499 -1
1499 -1
1499 -1
1500 -1
1500 -1
1500 -1
1500 -1
1501 -1
1501 -1
1501 -1
1501 -1
1501 -1
1501 -1
1501 -1
1501 -1
1501 -1
1501 -1
1501 -1
1501 -1
1502 -1
1502 -1
1502 -1
1502 -1
1502 -1
1502 -1
1502 -1
1502 -1
1502 -1
1503 -1
1503 -1
1503 -1
1503 -1
1503 -1
1503 -1
1503 -1
1503 -1
1503 -1
1504 -1
1504 -1
1504 -1
1504 -1
1504 -1
1504 -1
1504 -1
1504 -1
1504 -1
1505 -1
1505 -1
1505 -1
1505 -1
1505 -1
1506 -1
1506 -1
1507 -1
1507 -1
1507 -1
1507 -1
1507 -1
1507 -1
1507 -1
1507 -1
1507 -1
1507 -1
1507 -1
1507 -1
1507 -1
1507 -1
1507 -1
1507 -1
1507 -1
1507 -1
1507 -1
1507 -1
1507 -1
1507 -1
1507 -1
1507 -1
1508 -1
1508 -1
1508 -1
1508 -1
1508 -1
1508 -1
1508 -1
1508 -1
1508 -1
1509 -1
1509 -1
1509 -1
1509 -1
1509 -1
1509 -1
1509 -1
1509 -1
1509 -1
1509 -1
1509 -1
1509 -1
1509 -1
1509 -1
1509 -1
1510 -1
1510 -1
1510 -1
1510 -1
1510 -1
1510 -1
1510 -1
1510 -1
1510 -1
1510 -1
1511 -1
1511 -1
1511 -1
1511 -1
1511 -1
1511 -1
1511 -1
1511 -1
1511 -1
1511 -1
1511 -1
1511 -1
1511 -1
1511 -1
1511 -1
1511 -1
1511 -1
1511 -1
1511 -1
1511 -1
1511 -1
1511 -1
1511 -1
1511 -1
1511 -1
1511 -1
1511 -1
1511 -1
1511 -1
1513 -1
1513 -1
1513 -1
1513 -1
1513 -1
1513 -1
1513 -1
1513 -1
1514 -1
1514 -1
1514 -1
1514 -1
1514 -1
1514 -1
1514 -1
1515 -1
1515 -1
1515 -1
1515 -1
1515 -1
1515 -1
1515 -1
1515 -1
1515 -1
1515 -1
1515 -1
1515 -1
1515 -1
1515 -1
1515 -1
1515 -1
1515 -1
1515 -1
1515 -1
1515 -1
1515 -1
1515 -1
1515 -1
1515 -1
1516 -1
1516 -1
1516 -1
1516 -1
1516 -1
1516 -1
1516 -1
1516 -1
1516 -1
1516 -1
1516 -1
1516 -1
1516 -1
1516 -1
1516 -1
1516 -1
1516 -1
1516 -1
1516 -1
1516 -1
1517 -1
1517 -1
1517 -1
1518 -1
1518 -1
1518 -1
1518 -1
1518 -1
1519 -1
1519 -1
1519 -1
1519 -1
1519 -1
1520 -1
1520 -1
1520 -1
1520 -1
1520 -1
1520 -1
1520 -1
1520 -1
1520 -1
1520 -1
1520 -1
1520 -1
1521 -1
1521 -1
1521 -1
1521 -1
1521 -1
1521 -1
1521 -1
1521 -1
1521 -1
1521 -1
1522 -1
1522 -1
1522 -1
1522 -1
1522 -1
1522 -1
1522 -1
1523 -1
1523 -1
1523 -1
1523 -1
1523 -1
1523 -1
1523 -1
1523 -1
1523 -1
1523 -1
1523 -1
1523 -1
1524 -1
1524 -1
1524 -1
1524 -1
1524 -1
1524 -1
1524 -1
1525 -1
1525 -1
1525 -1
1525 -1
1525 -1
1525 -1
1526 -1
1526 -1
1526 -1
1526 -1
1526 -1
1526 -1
1527 -1
1527 -1
1527 -1
1528 -1
1528 -1
1528 -1
1528 -1
1528 -1
1528 -1
1528 -1
1528 -1
1529 -1
1529 -1
1529 -1
1529 -1
1529 -1
1529 -1
1529 -1
1529 -1
1529 -1
1529 -1
1529 -1
1529 -1
1529 -1
1529 -1
1529 -1
1529 -1
1529 -1
1529 -1
1529 -1
1529 -1
1529 -1
1529 -1
1529 -1
1529 -1
1529 -1
1529 -1
1529 -1
1529 -1
1529 -1
1529 -1
1529 -1
1530 -1
1530 -1
1530 -1
1531 -1
1531 -1
1531 -1
1531 -1
1531 -1
1531 -1
1531 -1
1531 -1
1531 -1
1531 -1
1532 -1
1533 -1
1533 -1
1533 -1
1533 -1
1533 -1
1533 -1
1534 -1
